  0.200000000000000       2.227471337806201E-003
  0.201170568561873       1.764625775330692E-003
  0.202341137123746       1.381805633819359E-003
  0.203511705685619       1.071812038330284E-003
  0.204682274247492       8.269916499198676E-004
  0.205852842809365       6.399330617614786E-004
  0.207023411371237       5.040607838314893E-004
  0.208193979933110       4.141266024213284E-004
  0.209364548494983       3.666074458804768E-004
  0.210535117056856       3.600238062557976E-004
  0.211705685618729       3.951934363198032E-004
  0.212876254180602       4.754321530300866E-004
  0.214046822742475       6.067082069271962E-004
  0.215217391304348       7.977501521448594E-004
  0.216387959866221       1.060101928698128E-003
  0.217558528428094       1.408114396089641E-003
  0.218729096989967       1.858861134695142E-003
  0.219899665551839       2.431968951430847E-003
  0.221070234113712       3.149360703242043E-003
  0.222240802675585       4.034919653594616E-003
  0.223411371237458       5.114099687136919E-003
  0.224581939799331       6.413522559333883E-003
  0.225752508361204       7.960619380010284E-003
  0.226923076923077       9.783385539701261E-003
  0.228093645484950       1.191032284625792E-002
  0.229264214046823       1.437063655309567E-002
  0.230434782608696       1.719473588316904E-002
  0.231605351170569       2.041505369862060E-002
  0.232775919732441       2.406715523026705E-002
  0.233946488294314       2.819105064827655E-002
  0.235117056856187       3.283256739579048E-002
  0.236287625418060       3.804458319750915E-002
  0.237458193979933       4.388787821854837E-002
  0.238628762541806       5.043134377620374E-002
  0.239799331103679       5.775129288683155E-002
  0.240969899665552       6.592965985875147E-002
  0.242140468227425       7.505095361490322E-002
  0.243311036789298       8.519793958977209E-002
  0.244481605351171       9.644616043967105E-002
  0.245652173913044       0.108857554712223     
  0.246822742474916       0.122473579958002     
  0.247993311036789       0.137308375501573     
  0.249163879598662       0.153342593012586     
  0.250334448160535       0.170518564715945     
  0.251505016722408       0.188737457896220     
  0.252675585284281       0.207858974140827     
  0.253846153846154       0.227703993242554     
  0.255016722408027       0.248060343168108     
  0.256187290969900       0.268691614922398     
  0.257357859531773       0.289348657151467     
  0.258528428093646       0.309783107516486     
  0.259698996655518       0.329762076117049     
  0.260869565217391       0.349082919426198     
  0.262040133779264       0.367586955610379     
  0.263210702341137       0.385170989993980     
  0.264381270903010       0.401795648237403     
  0.265551839464883       0.417489747589734     
  0.266722408026756       0.432350253997279     
  0.267892976588629       0.446537744810718     
  0.269063545150502       0.460267685790254     
  0.270234113712375       0.473798196511643     
  0.271404682274248       0.487415281584630     
  0.272575250836120       0.501416714587194     
  0.273745819397993       0.516095856281183     
  0.274916387959866       0.531726660604585     
  0.276086956521739       0.548550976949541     
  0.277257525083612       0.566769013693034     
  0.278428093645485       0.586533514078431     
  0.279598662207358       0.607947845772308     
  0.280769230769231       0.631067856253078     
  0.281939799331104       0.655907032246151     
  0.283110367892977       0.682444252002381     
  0.284280936454850       0.710633255675545     
  0.285451505016722       0.740412893091840     
  0.286622073578595       0.771717241075660     
  0.287792642140468       0.804484805090176     
  0.288963210702341       0.838666213712516     
  0.290133779264214       0.874230053156792     
  0.291304347826087       0.911166741388735     
  0.292474916387960       0.949490574405162     
  0.293645484949833       0.989240260429685     
  0.294816053511706        1.03047836719985     
  0.295986622073579        1.07329012984106     
  0.297157190635452        1.11778200207371     
  0.298327759197324        1.16408019613421     
  0.299498327759197        1.21232927437484     
  0.300668896321070        1.26269066491458     
  0.301839464882943        1.31534081514436     
  0.303010033444816        1.37046860659307     
  0.304180602006689        1.42827165764227     
  0.305351170568562        1.48895124481286     
  0.306521739130435        1.55270576684663     
  0.307692307692308        1.61972292746847     
  0.308862876254181        1.69017107712870     
  0.310033444816054        1.76419037955790     
  0.311204013377926        1.84188460769075     
  0.312374581939799        1.92331439098558     
  0.313545150501672        2.00849261900922     
  0.314715719063545        2.09738246574783     
  0.315886287625418        2.18989817042092     
  0.317056856187291        2.28590834631048     
  0.318227424749164        2.38524125016030     
  0.319397993311037        2.48769118891509     
  0.320568561872910        2.59302511212840     
  0.321739130434783        2.70098845982146     
  0.322909698996656        2.81130950415366     
  0.324080267558528        2.92370171204225     
  0.325250836120401        3.03786401929752     
  0.326421404682274        3.15347928934216     
  0.327591973244147        3.27021157528969     
  0.328762541806020        3.38770306581967     
  0.329933110367893        3.50557174075031     
  0.331103678929766        3.62341077748853     
  0.332274247491639        3.74079063841013     
  0.333444816053512        3.85726454993750     
  0.334615384615385        3.97237778435788     
  0.335785953177258        4.08568080704548     
  0.336956521739130        4.19674598594197     
  0.338127090301003        4.30518720450625     
  0.339297658862876        4.41068139657832     
  0.340468227424749        4.51299074986287     
  0.341638795986622        4.61198411892776     
  0.342809364548495        4.70765606191926     
  0.343979933110368        4.80014188013883     
  0.345150501672241        4.88972710807517     
  0.346321070234114        4.97685008344512     
  0.347491638795987        5.06209652805414     
  0.348662207357860        5.14618548934391     
  0.349832775919732        5.22994651741487     
  0.351003344481605        5.31428855827516     
  0.352173913043478        5.40016169237433     
  0.353344481605351        5.48851348666438     
  0.354515050167224        5.58024229782160     
  0.355685618729097        5.67615029995427     
  0.356856187290970        5.77689925281671     
  0.358026755852843        5.88297203029151     
  0.359197324414716        5.99464266929690     
  0.360367892976589        6.11195717971896     
  0.361538461538462        6.23472661042602     
  0.362709030100335        6.36253295789190     
  0.363879598662207        6.49474751830945     
  0.365050167224080        6.63056032000403     
  0.366220735785953        6.76901842937516     
  0.367391304347826        6.90907028661864     
  0.368561872909699        7.04961285910874     
  0.369732441471572        7.18953833077299     
  0.370903010033445        7.32777727070780     
  0.372073578595318        7.46333570700464     
  0.373244147157191        7.59532420999366     
  0.374414715719064        7.72297788442867     
  0.375585284280937        7.84566699842546     
  0.376755852842809        7.96289875807534     
  0.377926421404682        8.07431140194300     
  0.379096989966555        8.17966228688552     
  0.380267558528428        8.27881193239353     
  0.381438127090301        8.37170607100831     
  0.382608695652174        8.45835762239948     
  0.383779264214047        8.53883019161820     
  0.384949832775920        8.61322422790083     
  0.386120401337793        8.68166642389653     
  0.387290969899666        8.74430235211685     
  0.388461538461539        8.80129179700394     
  0.389632107023411        8.85280581627150     
  0.390802675585284        8.89902431165227     
  0.391973244147157        8.94013284381159     
  0.393143812709030        8.97631759785653     
  0.394314381270903        9.00775777182227     
  0.395484949832776        9.03461516777403     
  0.396655518394649        9.05702133748521     
  0.397826086956522        9.07506318411738     
  0.398996655518395        9.08876836256159     
  0.400167224080268        9.09809208545853     
  0.401337792642141        9.10290698877439     
  0.402508361204013        9.10299753370558     
  0.403678929765886        9.09806004812822     
  0.404849498327759        9.08770899598554     
  0.406020066889632        9.07148947889513     
  0.407190635451505        9.04889539659928     
  0.408361204013378        9.01939218878391     
  0.409531772575251        8.98244269941979     
  0.410702341137124        8.93753447266012     
  0.411872909698997        8.88420671068597     
  0.413043478260870        8.82207518513157     
  0.414214046822743        8.75085357041826     
  0.415384615384615        8.67036993153931     
  0.416555183946488        8.58057742487222     
  0.417725752508361        8.48155863791312     
  0.418896321070234        8.37352338678876     
  0.420066889632107        8.25680019551429     
  0.421237458193980        8.13182208299182     
  0.422408026755853        7.99910766239707     
  0.423578595317726        7.85923888626684     
  0.424749163879599        7.71283701796199     
  0.425919732441472        7.56053854469289     
  0.427090301003345        7.40297274352296     
  0.428260869565217        7.24074245705009     
  0.429431438127090        7.07440933501746     
  0.430602006688963        6.90448437705136     
  0.431772575250836        6.73142411320470     
  0.432943143812709        6.55563223844964     
  0.434113712374582        6.37746603399504     
  0.435284280936455        6.19724651595414     
  0.436454849498328        6.01527099000555     
  0.437625418060201        5.83182657906741     
  0.438795986622074        5.64720332790300     
  0.439966555183947        5.46170565306598     
  0.441137123745819        5.27566116421841     
  0.442307692307692        5.08942619316738     
  0.443478260869565        4.90338769114181     
  0.444648829431438        4.71796146167792     
  0.445819397993311        4.53358696571857     
  0.446989966555184        4.35071915794666     
  0.448160535117057        4.16981798830517     
  0.449331103678930        3.99133633384301     
  0.450501672240803        3.81570721720430     
  0.451672240802676        3.64333121965519     
  0.452842809364549        3.47456500424853     
  0.454013377926421        3.30971182058173     
  0.455183946488294        3.14901475785242     
  0.456354515050167        2.99265334205825     
  0.457525083612040        2.84074383793875     
  0.458695652173913        2.69334332829289     
  0.459866220735786        2.55045732490956     
  0.461036789297659        2.41205034761715     
  0.462207357859532        2.27805862677214     
  0.463377926421405        2.14840387500158     
  0.464548494983278        2.02300696464702     
  0.465719063545151        1.90180035477208     
  0.466889632107023        1.78473823734289     
  0.468060200668896        1.67180360198005     
  0.469230769230769        1.56301172436689     
  0.470401337792642        1.45840992732385     
  0.471571906354515        1.35807380444481     
  0.472742474916388        1.26210039549311     
  0.473913043478261        1.17059903028548     
  0.475083612040134        1.08368069565020     
  0.476254180602007        1.00144682419777     
  0.477424749163880       0.923978363006730     
  0.478595317725753       0.851325873699416     
  0.479765886287625       0.783501266930643     
  0.480936454849498       0.720471608635427     
  0.482107023411371       0.662155273120675     
  0.483277591973244       0.608420572929949     
  0.484448160535117       0.559086872971731     
  0.485618729096990       0.513928095018651     
  0.486789297658863       0.472678431798079     
  0.487959866220736       0.435040009316204     
  0.489130434782609       0.400692155315399     
  0.490301003344482       0.369301848720715     
  0.491471571906355       0.340534843099708     
  0.492642140468227       0.314066885457344     
  0.493812709030100       0.289594402720840     
  0.494983277591973       0.266844015580979     
  0.496153846153846       0.245580274265173     
  0.497324414715719       0.225611099547020     
  0.498494983277592       0.206790554002568     
  0.499665551839465       0.189018754611414     
  0.500836120401338       0.172238952654697     
  0.502006688963211       0.156432029809474     
  0.503177257525084       0.141608867461169     
  0.504347826086956       0.127801217520907     
  0.505518394648830       0.115051819216549     
  0.506688963210702       0.103404555266541     
  0.507859531772575       9.289541777464366E-002
  0.509030100334448       8.354496201254620E-002
  0.510200668896321       7.535277492333103E-002
  0.511371237458194       6.829429025512856E-002
  0.512541806020067       6.232006307450211E-002
  0.513712374581940       5.735739409721591E-002
  0.514882943143813       5.331398959922435E-002
  0.516053511705686       5.008317428477273E-002
  0.517224080267559       4.755005733662115E-002
  0.518394648829432       4.559799595459772E-002
  0.519565217391304       4.411471018816603E-002
  0.520735785953177       4.299747571519093E-002
  0.521906354515050       4.215694913336731E-002
  0.523076923076923       4.151934943040264E-002
  0.524247491638796       4.102691129583959E-002
  0.525418060200669       4.063671989926684E-002
  0.526588628762542       4.031821132031749E-002
  0.527759197324415       4.004975861630117E-002
  0.528929765886288       3.981484557824087E-002
  0.530100334448161       3.959834993566843E-002
  0.531270903010034       3.938341410555991E-002
  0.532441471571906       3.914928139862513E-002
  0.533612040133779       3.887033283068806E-002
  0.534782608695652       3.851639353420281E-002
  0.535953177257525       3.805421008749295E-002
  0.537123745819398       3.744985240186522E-002
  0.538294314381271       3.667168435830725E-002
  0.539464882943144       3.569348864454721E-002
  0.540635451505017       3.449732836700434E-002
  0.541806020066890       3.307577838443562E-002
  0.542976588628763       3.143325325635146E-002
  0.544147157190636       2.958628122216145E-002
  0.545317725752508       2.756270685052520E-002
  0.546488294314381       2.539993090192836E-002
  0.547658862876254       2.314239894168649E-002
  0.548829431438127       2.083861918683343E-002
  0.550000000000000       1.853801946572075E-002
