  0.680000000000000       6.851296197246360E-003
  0.680735785953177       7.987100378430659E-003
  0.681471571906355       9.272894757560197E-003
  0.682207357859532       1.072236060264325E-002
  0.682943143812709       1.234968339920116E-002
  0.683678929765886       1.416952831818695E-002
  0.684414715719064       1.619702683734492E-002
  0.685150501672241       1.844777818947294E-002
  0.685886287625418       2.093786905774693E-002
  0.686622073578595       2.368391446517279E-002
  0.687357859531773       2.670312211276170E-002
  0.688093645484950       3.001338152359152E-002
  0.688829431438127       3.363337827684448E-002
  0.689565217391304       3.758273241114599E-002
  0.690301003344482       4.188215879739843E-002
  0.691036789297659       4.655364599611415E-002
  0.691772575250836       5.162064889886172E-002
  0.692508361204013       5.710828938691374E-002
  0.693244147157191       6.304355839983973E-002
  0.693979933110368       6.945551226281217E-002
  0.694715719063545       7.637545593165271E-002
  0.695451505016722       8.383710601958634E-002
  0.696187290969900       9.187672708863021E-002
  0.696923076923077       0.100533235716392     
  0.697658862876254       0.109848268255216     
  0.698394648829431       0.119866209929049     
  0.699130434782609       0.130634184884678     
  0.699866220735786       0.142202008928963     
  0.700602006688963       0.154622108828807     
  0.701337792642140       0.167949414103900     
  0.702073578595318       0.182241229081312     
  0.702809364548495       0.197557094489379     
  0.703545150501672       0.213958648943987     
  0.704280936454850       0.231509501241247     
  0.705016722408027       0.250275124360858     
  0.705752508361204       0.270322781477526     
  0.706488294314381       0.291721493078947     
  0.707224080267559       0.314542052534600     
  0.707959866220736       0.338857095216071     
  0.708695652173913       0.364741223628610     
  0.709431438127090       0.392271188087054     
  0.710167224080268       0.421526119382949     
  0.710903010033445       0.452587806775923     
  0.711638795986622       0.485541011632854     
  0.712374581939799       0.520473804257441     
  0.713110367892977       0.557477909010619     
  0.713846153846154       0.596649040812080     
  0.714581939799331       0.638087214605255     
  0.715317725752508       0.681897008411369     
  0.716053511705686       0.728187760218150     
  0.716789297658863       0.777073679150656     
  0.717525083612040       0.828673852143348     
  0.718260869565217       0.883112128648219     
  0.718996655518395       0.940516867739298     
  0.719732441471572        1.00102053427064     
  0.720468227424749        1.06475913347418     
  0.721204013377927        1.13187147651019     
  0.721939799331104        1.20249827297441     
  0.722675585284281        1.27678105019682     
  0.723411371237458        1.35486090331266     
  0.724147157190635        1.43687708452345     
  0.724882943143813        1.52296544466453     
  0.725618729096990        1.61325674511683     
  0.726354515050167        1.70787486318522     
  0.727090301003344        1.80693491923401     
  0.727826086956522        1.91054135901025     
  0.728561872909699        2.01878602955455     
  0.729297658862876        2.13174629171711     
  0.730033444816054        2.24948321635257     
  0.730769230769231        2.37203991451495     
  0.731505016722408        2.49944005415276     
  0.732240802675585        2.63168661663473     
  0.732976588628763        2.76876094565019     
  0.733712374581940        2.91062213837323     
  0.734448160535117        3.05720682405071     
  0.735183946488294        3.20842936822264     
  0.735919732441472        3.36418253154971     
  0.736655518394649        3.52433860074350     
  0.737391304347826        3.68875099552856     
  0.738127090301003        3.85725634019540     
  0.738862876254181        4.02967697154841     
  0.739598662207358        4.20582383745776     
  0.740334448160535        4.38549972245693     
  0.741070234113712        4.56850271964871     
  0.741806020066890        4.75462985242401     
  0.742541806020067        4.94368073602345     
  0.743277591973244        5.13546115862937     
  0.744013377926421        5.32978645525558     
  0.744749163879599        5.52648454587887     
  0.745484949832776        5.72539851254245     
  0.746220735785953        5.92638859886376     
  0.746956521739131        6.12933352955395     
  0.747692307692308        6.33413106698826     
  0.748428093645485        6.54069774605794     
  0.749163879598662        6.74896775669186     
  0.749899665551840        6.95889097452176     
  0.750635451505017        7.17043017289767     
  0.751371237458194        7.38355748240509     
  0.752107023411371        7.59825019565055     
  0.752842809364549        7.81448604381025     
  0.753578595317726        8.03223809579294     
  0.754314381270903        8.25146944952421     
  0.755050167224080        8.47212789673480     
  0.755785953177258        8.69414074696340     
  0.756521739130435        8.91740999288221     
  0.757257525083612        9.14180798753934     
  0.757993311036789        9.36717378514697     
  0.758729096989967        9.59331027148366     
  0.759464882943144        9.81998217906215     
  0.760200668896321        10.0469150474808     
  0.760936454849498        10.2737951525818     
  0.761672240802676        10.5002703910600     
  0.762408026755853        10.7259520718715     
  0.763143812709030        10.9504175339499     
  0.763879598662207        11.1732134828807     
  0.764615384615385        11.3938599185495     
  0.765351170568562        11.6118545121881     
  0.766086956521739        11.8266772851082     
  0.766822742474916        12.0377954426662     
  0.767558528428094        12.2446682251592     
  0.768294314381271        12.4467516515101     
  0.769030100334448        12.6435030505371     
  0.769765886287625        12.8343852968647     
  0.770501672240803        13.0188706925248     
  0.771237458193980        13.1964444594187     
  0.771973244147157        13.3666078305425     
  0.772709030100335        13.5288807479078     
  0.773444816053512        13.6828041913697     
  0.774180602006689        13.8279421744067     
  0.774916387959866        13.9638834499378     
  0.775652173913044        14.0902429715661     
  0.776387959866221        14.2066631535873     
  0.777123745819398        14.3128149673916     
  0.777859531772575        14.4083989034555     
  0.778595317725753        14.4931458180267     
  0.779331103678930        14.5668176729976     
  0.780066889632107        14.6292081674260     
  0.780802675585284        14.6801432506832     
  0.781538461538462        14.7194815010602     
  0.782274247491639        14.7471143503921     
  0.783010033444816        14.7629661351155     
  0.783745819397993        14.7669939571307     
  0.784481605351171        14.7591873435831     
  0.785217391304348        14.7395677026675     
  0.785953177257525        14.7081875820409     
  0.786688963210702        14.6651297465530     
  0.787424749163880        14.6105061018316     
  0.788160535117057        14.5444564988977     
  0.788896321070234        14.4671474616207     
  0.789632107023411        14.3787708827837     
  0.790367892976589        14.2795427353614     
  0.791103678929766        14.1697018430838     
  0.791839464882943        14.0495087484893     
  0.792575250836120        13.9192447077415     
  0.793311036789298        13.7792108299868     
  0.794046822742475        13.6297273656828     
  0.794782608695652        13.4711331339703     
  0.795518394648829        13.3037850647584     
  0.796254180602007        13.1280578177139     
  0.796989966555184        12.9443434287638     
  0.797725752508361        12.7530509258769     
  0.798461538461539        12.5546058505277     
  0.799197324414716        12.3494496198607     
  0.799933110367893        12.1380386674749     
  0.800668896321070        11.9208433079599     
  0.801404682274248        11.6983462816162     
  0.802140468227425        11.4710409506976     
  0.802876254180602        11.2394291362971     
  0.803612040133779        11.0040186047522     
  0.804347826086957        10.7653202330830     
  0.805083612040134        10.5238449033414     
  0.805819397993311        10.2801001946317     
  0.806555183946488        10.0345869578123     
  0.807290969899666        9.78779587044651     
  0.808026755852843        9.54020407755702     
  0.808762541806020        9.29227202651692     
  0.809498327759197        9.04444060160006     
  0.810234113712375        8.79712865527145     
  0.810969899665552        8.55073101948338     
  0.811705685618729        8.30561706165664     
  0.812441471571906        8.06212982754838     
  0.813177257525084        7.82058578798721     
  0.813913043478261        7.58127517982049     
  0.814648829431438        7.34446290481869     
  0.815384615384615        7.11038992519455     
  0.816120401337793        6.87927507223872     
  0.816856187290970        6.65131716661504     
  0.817591973244147        6.42669733613595     
  0.818327759197324        6.20558141009228     
  0.819063545150502        5.98812226882597     
  0.819799331103679        5.77446203323340     
  0.820535117056856        5.56473399089991     
  0.821270903010033        5.35906417287787     
  0.822006688963211        5.15757251670306     
  0.822742474916388        4.96037357582217     
  0.823478260869565        4.76757676174785     
  0.824214046822743        4.57928613146277     
  0.824949832775920        4.39559975738542     
  0.825685618729097        4.21660873923000     
  0.826421404682274        4.04239593518723     
  0.827157190635452        3.87303450312514     
  0.827892976588629        3.70858635039358     
  0.828628762541806        3.54910059306640     
  0.829364548494983        3.39461212217963     
  0.830100334448161        3.24514036614179     
  0.830836120401338        3.10068832570197     
  0.831571906354515        2.96124194158287     
  0.832307692307692        2.82676983619121     
  0.833043478260870        2.69722345085699     
  0.833779264214047        2.57253757997860     
  0.834515050167224        2.45263128435562     
  0.835250836120401        2.33740914882876     
  0.835986622073579        2.22676283491378     
  0.836722408026756        2.12057286798330     
  0.837458193979933        2.01871059107515     
  0.838193979933110        1.92104021371171     
  0.838929765886288        1.82742088410809     
  0.839665551839465        1.73770871654559     
  0.840401337792642        1.65175871204561     
  0.841137123745819        1.56942651923460     
  0.841872909698997        1.49056999280309     
  0.842608695652174        1.41505051855480     
  0.843344481605351        1.34273408604723     
  0.844080267558528        1.27349210161534     
  0.844816053511706        1.20720194558688     
  0.845551839464883        1.14374728728122     
  0.846287625418060        1.08301817957555     
  0.847023411371237        1.02491096118568     
  0.847759197324415       0.969327999219928     
  0.848494983277592       0.916177307010547     
  0.849230769230769       0.865372072796623     
  0.849966555183947       0.816830133695904     
  0.850702341137124       0.770473426802631     
  0.851438127090301       0.726227445472106     
  0.852173913043478       0.684020724220117     
  0.852909698996656       0.643784370504166     
  0.853645484949833       0.605451656287956     
  0.854381270903010       0.568957677017577     
  0.855117056856187       0.534239080722684     
  0.855852842809365       0.501233865614633     
  0.856588628762542       0.469881240950663     
  0.857324414715719       0.440121543175746     
  0.858060200668896       0.411896197491251     
  0.858795986622074       0.385147714026777     
  0.859531772575251       0.359819707653200     
  0.860267558528428       0.335856931073539     
  0.861003344481605       0.313205312033116     
  0.861739130434783       0.291811987148679     
  0.862474916387960       0.271625326801952     
  0.863210702341137       0.252594947611800     
  0.863946488294314       0.234671711033031     
  0.864682274247492       0.217807708491150     
  0.865418060200669       0.201956235037220     
  0.866153846153846       0.187071754712385     
  0.866889632107023       0.173109861597174     
  0.867625418060201       0.160027240869873     
  0.868361204013378       0.147781634125836     
  0.869096989966555       0.136331812759064     
  0.869832775919733       0.125637562444995     
  0.870568561872910       0.115659680771878     
  0.871304347826087       0.106359988940525     
  0.872040133779264       9.770135728339752E-002
  0.872775919732442       8.964774323526005E-002
  0.873511705685619       8.216423939976079E-002
  0.874247491638796       7.521712856514545E-002
  0.874983277591973       6.877394197513872E-002
  0.875719063545151       6.280351688473680E-002
  0.876454849498328       5.727604943120500E-002
  0.877190635451505       5.216313911427745E-002
  0.877926421404682       4.743782167531436E-002
  0.878662207357860       4.307458784793777E-002
  0.879397993311037       3.904938626771302E-002
  0.880133779264214       3.533960971546687E-002
  0.880869565217391       3.192406476715419E-002
  0.881605351170569       2.878292577512934E-002
  0.882341137123746       2.589767486103694E-002
  0.883076923076923       2.325103021883663E-002
  0.883812709030100       2.082686547923758E-002
  0.884548494983278       1.861012315837728E-002
  0.885284280936455       1.658672530108707E-002
  0.886020066889632       1.474348434160994E-002
  0.886755852842809       1.306801696147353E-002
  0.887491638795987       1.154866335277495E-002
  0.888227424749164       1.017441382819686E-002
  0.888963210702341       8.934844192418826E-003
  0.889698996655518       7.820060739015141E-003
  0.890434782608696       6.820655196259483E-003
  0.891170568561873       5.927669444104603E-003
  0.891906354515050       5.132569387071000E-003
  0.892642140468227       4.427227011451578E-003
  0.893377926421405       3.803909390834931E-003
  0.894113712374582       3.255273235438336E-003
  0.894849498327759       2.774363505904801E-003
  0.895585284280936       2.354614623569704E-003
  0.896321070234114       1.989852895118373E-003
  0.897056856187291       1.674298915570493E-003
  0.897792642140468       1.402568903577453E-003
  0.898528428093646       1.169674140728797E-003
  0.899264214046823       9.710179162252681E-004
  0.900000000000000       8.023896057956642E-004
