  0.350000000000000       2.961815732815315E-004
  0.351003344481605       4.021823038029177E-004
  0.352006688963211       5.410960534026876E-004
  0.353010033444816       7.213560219181494E-004
  0.354013377926421       9.529939903136175E-004
  0.355016722408027       1.247789968025281E-003
  0.356020066889632       1.619399433548821E-003
  0.357023411371237       2.083450234458370E-003
  0.358026755852843       2.657602539080546E-003
  0.359030100334448       3.361567599591832E-003
  0.360033444816053       4.217084513450945E-003
  0.361036789297659       5.247858551971058E-003
  0.362040133779264       6.479469713253603E-003
  0.363043478260870       7.939265553079538E-003
  0.364046822742475       9.656257513221309E-003
  0.365050167224080       1.166104425397808E-002
  0.366053511705686       1.398578819903946E-002
  0.367056856187291       1.666427191621163E-002
  0.368060200668896       1.973205847365105E-002
  0.369063545150502       2.322677408348970E-002
  0.370066889632107       2.718852197490637E-002
  0.371070234113712       3.166042363798197E-002
  0.372073578595318       3.668926780952168E-002
  0.373076923076923       4.232622965706442E-002
  0.374080267558528       4.862760372734696E-002
  0.375083612040134       5.565547582727990E-002
  0.376086956521739       6.347824278616576E-002
  0.377090301003344       7.217087681546309E-002
  0.378093645484950       8.181482474720793E-002
  0.379096989966555       9.249743347461414E-002
  0.380100334448160       0.104310802846424     
  0.381103678929766       0.117349987066982     
  0.382107023411371       0.131710495742207     
  0.383110367892977       0.147485085787113     
  0.384113712374582       0.164759884330146     
  0.385117056856187       0.183609938435956     
  0.386120401337793       0.204094346873491     
  0.387123745819398       0.226251188309263     
  0.388127090301003       0.250092514460956     
  0.389130434782609       0.275599720656622     
  0.390133779264214       0.302719634554199     
  0.391137123745819       0.331361671525325     
  0.392140468227425       0.361396388407738     
  0.393143812709030       0.392655723551988     
  0.394147157190635       0.424935139985935     
  0.395150501672241       0.457997792215946     
  0.396153846153846       0.491580720420508     
  0.397157190635452       0.525402945809610     
  0.398160535117057       0.559175207014319     
  0.399163879598662       0.592610950142003     
  0.400167224080268       0.625438075520108     
  0.401170568561873       0.657410862303239     
  0.402173913043478       0.688321446268840     
  0.403177257525084       0.718010221619568     
  0.404180602006689       0.746374576208699     
  0.405183946488294       0.773375449199264     
  0.406187290969900       0.799041314945201     
  0.407190635451505       0.823469337945432     
  0.408193979933110       0.846823600086494     
  0.409197324414716       0.869330461230365     
  0.410200668896321       0.891271266162765     
  0.411204013377926       0.912972745287105     
  0.412207357859532       0.934795566061062     
  0.413210702341137       0.957121572852470     
  0.414214046822742       0.980340303434597     
  0.415217391304348        1.00483539203163     
  0.416220735785953        1.03097146460626     
  0.417224080267559        1.05908210555088     
  0.418227424749164        1.08945942938433     
  0.419230769230769        1.12234572869923     
  0.420234113712375        1.15792759129137     
  0.421237458193980        1.19633278472853     
  0.422240802675585        1.23763009454278     
  0.423244147157191        1.28183217206336     
  0.424247491638796        1.32890130043868     
  0.425250836120401        1.37875782597533     
  0.426254180602007        1.43129083320286     
  0.427257525083612        1.48637047622833     
  0.428260869565217        1.54386122922480     
  0.429264214046823        1.60363520051537     
  0.430267558528428        1.66558458316833     
  0.431270903010033        1.72963230406259     
  0.432274247491639        1.79573999293252     
  0.433277591973244        1.86391252720660     
  0.434280936454849        1.93419861480400     
  0.435284280936455        2.00668714527016     
  0.436287625418060        2.08149935243523     
  0.437290969899666        2.15877716602299     
  0.438294314381271        2.23866845828785     
  0.439297658862876        2.32131018636239     
  0.440301003344482        2.40681066438713     
  0.441304347826087        2.49523234837991     
  0.442307692307692        2.58657656403030     
  0.443311036789298        2.68077154383377     
  0.444314381270903        2.77766496466917     
  0.445317725752508        2.87702189856757     
  0.446321070234114        2.97852872508145     
  0.447324414715719        3.08180312783926     
  0.448327759197324        3.18640984084239     
  0.449331103678930        3.29188135580399     
  0.450334448160535        3.39774238562451     
  0.451337792642140        3.50353653496568     
  0.452341137123746        3.60885338695569     
  0.453344481605351        3.71335409905664     
  0.454347826086957        3.81679362611761     
  0.455351170568562        3.91903785925321     
  0.456354515050167        4.02007427852854     
  0.457357859531773        4.12001514683993     
  0.458361204013378        4.21909279222335     
  0.459364548494983        4.31764709735015     
  0.460367892976589        4.41610589317954     
  0.461371237458194        4.51495949107755     
  0.462374581939799        4.61473103830806     
  0.463377926421405        4.71594470580236     
  0.464381270903010        4.81909388470629     
  0.465384615384615        4.92461156281818     
  0.466387959866221        5.03284487235557     
  0.467391304347826        5.14403546100538     
  0.468394648829431        5.25830686812638     
  0.469397993311037        5.37565952862041     
  0.470401337792642        5.49597342793736     
  0.471404682274247        5.61901784594687     
  0.472408026755853        5.74446710629190     
  0.473411371237458        5.87192083590605     
  0.474414715719064        6.00092697017740     
  0.475418060200669        6.13100563217703     
  0.476421404682274        6.26167207304481     
  0.477424749163880        6.39245707285640     
  0.478428093645485        6.52292354071974     
  0.479431438127090        6.65267848196130     
  0.480434782608696        6.78137997448042     
  0.481438127090301        6.90873926870312     
  0.482441471571906        7.03451855144208     
  0.483444816053512        7.15852525545275     
  0.484448160535117        7.28060402581989     
  0.485451505016722        7.40062755622655     
  0.486454849498328        7.51848748072606     
  0.487458193979933        7.63408636081512     
  0.488461538461538        7.74733156546430     
  0.489464882943144        7.85813153370230     
  0.490468227424749        7.96639457063715     
  0.491471571906354        8.07202999482499     
  0.492474916387960        8.17495116155411     
  0.493478260869565        8.27507966112690     
  0.494481605351171        8.37234985373916     
  0.495484949832776        8.46671286363225     
  0.496488294314381        8.55813921528238     
  0.497491638795987        8.64661944428647     
  0.498494983277592        8.73216223773360     
  0.499498327759197        8.81478992924184     
  0.500501672240803        8.89453146456363     
  0.501505016722408        8.97141323550293     
  0.502508361204013        9.04544842504854     
  0.503511705685619        9.11662569122888     
  0.504515050167224        9.18489812339682     
  0.505518394648829        9.25017342223714     
  0.506521739130435        9.31230618205456     
  0.507525083612040        9.37109299782477     
  0.508528428093646        9.42627089507577     
  0.509531772575251        9.47751930954919     
  0.510535117056856        9.52446555195974     
  0.511538461538461        9.56669340922593     
  0.512541806020067        9.60375428466759     
  0.513545150501672        9.63518008964830     
  0.514548494983278        9.66049698572927     
  0.515551839464883        9.67923904945846     
  0.516555183946488        9.69096099243656     
  0.517558528428094        9.69524920937417     
  0.518561872909699        9.69173063064346     
  0.519565217391304        9.68007910139299     
  0.520568561872910        9.66001927106136     
  0.521571906354515        9.63132822867631     
  0.522575250836120        9.59383533616135     
  0.523578595317726        9.54742087380303     
  0.524581939799331        9.49201420494630     
  0.525585284280936        9.42759218380219     
  0.526588628762542        9.35417847106302     
  0.527591973244147        9.27184429346727     
  0.528595317725753        9.18071099757446     
  0.529598662207358        9.08095452073779     
  0.530602006688963        8.97281165190405     
  0.531605351170569        8.85658770069302     
  0.532608695652174        8.73266495430171     
  0.533612040133779        8.60151109621922     
  0.534615384615385        8.46368660497807     
  0.535618729096990        8.31985005954135     
  0.536622073578595        8.17076026212206     
  0.537625418060201        8.01727415762106     
  0.538628762541806        7.86033968564323     
  0.539632107023411        7.70098294520961     
  0.540635451505017        7.54028937664571     
  0.541638795986622        7.37937905555963     
  0.542642140468227        7.21937662896520     
  0.543645484949833        7.06137687531119     
  0.544648829431438        6.90640730485676     
  0.545652173913043        6.75538959770817     
  0.546655518394649        6.60910196699934     
  0.547658862876254        6.46814470073980     
  0.548662207357860        6.33291115158019     
  0.549665551839465        6.20356629363176     
  0.550668896321070        6.08003464729759     
  0.551672240802676        5.96199889934269     
  0.552675585284281        5.84890994335056     
  0.553678929765886        5.74000837555809     
  0.554682274247492        5.63435675305819     
  0.555685618729097        5.53088121138559     
  0.556688963210702        5.42842040301296     
  0.557692307692308        5.32577920904109     
  0.558695652173913        5.22178433551107     
  0.559698996655518        5.11533876180080     
  0.560702341137124        5.00547207366171     
  0.561705685618729        4.89138398233817     
  0.562709030100334        4.77247878179607     
  0.563712374581940        4.64838909164238     
  0.564715719063545        4.51898792604136     
  0.565719063545151        4.38438886443262     
  0.566722408026756        4.24493482212678     
  0.567725752508361        4.10117657519872     
  0.568729096989967        3.95384273955298     
  0.569732441471572        3.80380330485682     
  0.570735785953177        3.65202905999375     
  0.571739130434783        3.49954931198237     
  0.572742474916388        3.34741020311088     
  0.573745819397993        3.19663569181512     
  0.574749163879599        3.04819291162056     
  0.575752508361204        2.90296319552410     
  0.576755852842809        2.76171958929731     
  0.577759197324415        2.62511121407229     
  0.578762541806020        2.49365440971153     
  0.579765886287625        2.36773022263766     
  0.580769230769231        2.24758751346109     
  0.581772575250836        2.13335076039551     
  0.582775919732441        2.02503152492241     
  0.583779264214047        1.92254251972152     
  0.584782608695652        1.82571326292757     
  0.585785953177258        1.73430640091885     
  0.586789297658863        1.64803391609480     
  0.587792642140468        1.56657258887729     
  0.588795986622074        1.48957823898597     
  0.589799331103679        1.41669841768203     
  0.590802675585284        1.34758335182312     
  0.591806020066890        1.28189504784901     
  0.592809364548495        1.21931454835970     
  0.593812709030100        1.15954739761803     
  0.594816053511706        1.10232741870328     
  0.595819397993311        1.04741893846225     
  0.596822742474916       0.994617620939947     
  0.597826086956522       0.943750088809221     
  0.598829431438127       0.894672527341675     
  0.599832775919732       0.847268477167099     
  0.600836120401338       0.801446029750646     
  0.601839464882943       0.757134641675117     
  0.602842809364548       0.714281778668996     
  0.603846153846154       0.672849586348083     
  0.604849498327759       0.632811761041442     
  0.605852842809365       0.594150761100740     
  0.606856187290970       0.556855458180218     
  0.607859531772575       0.520919281684513     
  0.608862876254181       0.486338861369152     
  0.609866220735786       0.453113126920583     
  0.610869565217391       0.421242783285792     
  0.611872909698997       0.390730050210977     
  0.612876254180602       0.361578536697079     
  0.613879598662207       0.333793117529629     
  0.614882943143813       0.307379689951846     
  0.615886287625418       0.282344712744674     
  0.616889632107023       0.258694464931611     
  0.617892976588629       0.236434003411397     
  0.618896321070234       0.215565843663124     
  0.619899665551839       0.196088430584134     
  0.620903010033445       0.177994502998893     
  0.621906354515050       0.161269481537986     
  0.622909698996656       0.145890022588595     
  0.623913043478261       0.131822879356025     
  0.624916387959866       0.119024194743143     
  0.625919732441472       0.107439321249288     
  0.626923076923077       9.700322326023596E-002
  0.627926421404682       8.764147084667921E-002
  0.628929765886288       7.927178604986422E-002
  0.629933110367893       7.180605730900345E-002
  0.630936454849498       6.515269953956128E-002
  0.631939799331104       5.921920998005933E-002
  0.632943143812709       5.391475571425597E-002
  0.633946488294314       4.915262879572838E-002
  0.634949832775920       4.485241875680144E-002
  0.635953177257525       4.094177822143300E-002
  0.636956521739130       3.735769249181765E-002
  0.637959866220736       3.404720470385409E-002
  0.638963210702341       3.096759046217097E-002
  0.639966555183947       2.808601587394611E-002
  0.640969899665552       2.537874719274661E-002
  0.641973244147157       2.283000625671253E-002
  0.642976588628763       2.043058197159786E-002
  0.643979933110368       1.817631375336994E-002
  0.644983277591973       1.606655865644102E-002
  0.645986622073579       1.410274130621289E-002
  0.646989966555184       1.228706680652244E-002
  0.647993311036789       1.062145394003707E-002
  0.648996655518395       9.106721724436394E-003
  0.650000000000000       7.742039032493560E-003
