  600   -0.277814E-02
  620   -0.236302E-02
  640   -0.192891E-02
  660   -0.147485E-02
  680   -0.999985E-03
  700   -0.503519E-03
  720    0.152137E-04
  740    0.556725E-03
  760    0.112134E-02
  780    0.170916E-02
  800    0.232007E-02
  820    0.295367E-02
  840    0.360931E-02
  860    0.428609E-02
  880    0.498284E-02
  900    0.569816E-02
  920    0.643045E-02
  940    0.717794E-02
  960    0.793873E-02
  980    0.871082E-02
 1000    0.949218E-02
 1020    0.102808E-01
 1040    0.110745E-01
 1060    0.118716E-01
 1080    0.126700E-01
 1100    0.134682E-01
 1120    0.142644E-01
 1140    0.150573E-01
 1160    0.158456E-01
 1180    0.166282E-01
 1200    0.174040E-01
 1220    0.181723E-01
 1240    0.189323E-01
 1260    0.196836E-01
 1280    0.204256E-01
 1300    0.211582E-01
 1320    0.218810E-01
 1340    0.225939E-01
 1360    0.232969E-01
 1380    0.239899E-01
 1400    0.246731E-01
 1420    0.253465E-01
 1440    0.260102E-01
 1460    0.266645E-01
 1480    0.273095E-01
 1500    0.279454E-01
 1520    0.285726E-01
 1540    0.291911E-01
 1560    0.298013E-01
 1580    0.304034E-01
 1600    0.309977E-01
