  1  12    0.056700288    0.056700288    0.056700288
      1   5   -0.250000288    0.249999712    0.136599712        0.007500000    1.000000000    0.052500000      1.662650
      1   9    0.068299712    0.142119712    0.392119712       -4.355000000   -4.347500000   -4.870000000      0.674910
      1  10    0.318299712   -0.255520288   -0.107880288       -1.032500000   -1.292500000   -1.297500000      0.556730
      1  11   -0.181700288   -0.357880288   -0.005520288       -1.257500000   -0.647500000   -1.217500000      1.331580
      1   8    0.136599712   -0.250000288    0.249999712        0.052500000    0.007500000    1.000000000      1.662650
      1  13    0.392119712    0.068299712    0.142119712       -4.870000000   -4.355000000   -4.347500000      0.674910
      1  14   -0.107880288    0.318299712   -0.255520288       -1.297500000   -1.032500000   -1.292500000      0.556730
      1  15   -0.005520288   -0.181700288   -0.357880288       -1.217500000   -1.257500000   -0.647500000      1.331580
      1   7    0.249999712    0.136599712   -0.250000288        1.000000000    0.052500000    0.007500000      1.662650
      1  17    0.142119712    0.392119712    0.068299712       -4.347500000   -4.870000000   -4.355000000      0.674910
      1  18   -0.255520288   -0.107880288    0.318299712       -1.292500000   -1.297500000   -1.032500000      0.556730
      1  19   -0.357880288   -0.005520288   -0.181700288       -0.647500000   -1.217500000   -1.257500000      1.331580
  2  12    0.443299697    0.943299697    0.556700303
      2   6    0.250000288   -0.249999712    0.136599712       -0.007500000   -1.000000000    0.052500000      1.662650
      2  10   -0.068299712   -0.142119712    0.392119712        4.355000000    4.347500000   -4.870000000      0.674910
      2   9   -0.318299712    0.255520288   -0.107880288        1.032500000    1.292500000   -1.297500000      0.556730
      2  12    0.181700288    0.357880288   -0.005520288        1.257500000    0.647500000   -1.217500000      1.331580
      2   7   -0.136599712    0.250000288    0.249999712       -0.052500000   -0.007500000    1.000000000      1.662650
      2  15   -0.392119712   -0.068299712    0.142119712        4.870000000    4.355000000   -4.347500000      0.674910
      2  16    0.107880288   -0.318299712   -0.255520288        1.297500000    1.032500000   -1.292500000      0.556730
      2  13    0.005520288    0.181700288   -0.357880288        1.217500000    1.257500000   -0.647500000      1.331580
      2   8   -0.249999712   -0.136599712   -0.250000288       -1.000000000   -0.052500000    0.007500000      1.662650
      2  20   -0.142119712   -0.392119712    0.068299712        4.347500000    4.870000000   -4.355000000      0.674910
      2  19    0.255520288    0.107880288    0.318299712        1.292500000    1.297500000   -1.032500000      0.556730
      2  18    0.357880288    0.005520288   -0.181700288        0.647500000    1.217500000   -1.257500000      1.331580
  3  12    0.943299697    0.556700303    0.443299697
      3   8    0.250000288    0.249999712   -0.136599712       -0.007500000    1.000000000   -0.052500000      1.662650
      3  11   -0.068299712    0.142119712   -0.392119712        4.355000000   -4.347500000    4.870000000      0.674910
      3  12   -0.318299712   -0.255520288    0.107880288        1.032500000   -1.292500000    1.297500000      0.556730
      3   9    0.181700288   -0.357880288    0.005520288        1.257500000   -0.647500000    1.217500000      1.331580
      3   5   -0.136599712   -0.250000288   -0.249999712       -0.052500000    0.007500000   -1.000000000      1.662650
      3  16   -0.392119712    0.068299712   -0.142119712        4.870000000   -4.355000000    4.347500000      0.674910
      3  15    0.107880288    0.318299712    0.255520288        1.297500000   -1.032500000    1.292500000      0.556730
      3  14    0.005520288   -0.181700288    0.357880288        1.217500000   -1.257500000    0.647500000      1.331580
      3   6   -0.249999712    0.136599712    0.250000288       -1.000000000    0.052500000   -0.007500000      1.662650
      3  18   -0.142119712    0.392119712   -0.068299712        4.347500000   -4.870000000    4.355000000      0.674910
      3  17    0.255520288   -0.107880288   -0.318299712        1.292500000   -1.297500000    1.032500000      0.556730
      3  20    0.357880288   -0.005520288    0.181700288        0.647500000   -1.217500000    1.257500000      1.331580
  4  12    0.556700303    0.443299697    0.943299697
      4   7   -0.250000288   -0.249999712   -0.136599712        0.007500000   -1.000000000   -0.052500000      1.662650
      4  12    0.068299712   -0.142119712   -0.392119712       -4.355000000    4.347500000    4.870000000      0.674910
      4  11    0.318299712    0.255520288    0.107880288       -1.032500000    1.292500000    1.297500000      0.556730
      4  10   -0.181700288    0.357880288    0.005520288       -1.257500000    0.647500000    1.217500000      1.331580
      4   6    0.136599712    0.250000288   -0.249999712        0.052500000   -0.007500000   -1.000000000      1.662650
      4  14    0.392119712   -0.068299712   -0.142119712       -4.870000000    4.355000000    4.347500000      0.674910
      4  13   -0.107880288   -0.318299712    0.255520288       -1.297500000    1.032500000    1.292500000      0.556730
      4  16   -0.005520288    0.181700288    0.357880288       -1.217500000    1.257500000    0.647500000      1.331580
      4   5    0.249999712   -0.136599712    0.250000288        1.000000000   -0.052500000   -0.007500000      1.662650
      4  19    0.142119712   -0.392119712   -0.068299712       -4.347500000    4.870000000    4.355000000      0.674910
      4  20   -0.255520288    0.107880288   -0.318299712       -1.292500000    1.297500000    1.032500000      0.556730
      4  17   -0.357880288    0.005520288    0.181700288       -0.647500000    1.217500000    1.257500000      1.331580
  5  12    0.806700303    0.306700303    0.193299712
      5   1    0.249999712   -0.250000288   -0.136599712        1.000000000    0.007500000   -0.052500000      1.662650
      5  14    0.142119712    0.068299712   -0.392119712       -4.347500000   -4.355000000    4.870000000      0.674910
      5  16   -0.255520288    0.318299712    0.107880288       -1.292500000   -1.032500000    1.297500000      0.556730
      5  13   -0.357880288   -0.181700288    0.005520288       -0.647500000   -1.257500000    1.217500000      1.331580
      5   4   -0.250000288    0.136599712   -0.249999712        0.007500000    0.052500000   -1.000000000      1.662650
      5  11    0.068299712    0.392119712   -0.142119712       -4.355000000   -4.870000000    4.347500000      0.674910
      5   9    0.318299712   -0.107880288    0.255520288       -1.032500000   -1.297500000    1.292500000      0.556730
      5  12   -0.181700288   -0.005520288    0.357880288       -1.257500000   -1.217500000    0.647500000      1.331580
      5   3    0.136599712    0.249999712    0.250000288        0.052500000    1.000000000   -0.007500000      1.662650
      5  17    0.392119712    0.142119712   -0.068299712       -4.870000000   -4.347500000    4.355000000      0.674910
      5  19   -0.107880288   -0.255520288   -0.318299712       -1.297500000   -1.292500000    1.032500000      0.556730
      5  18   -0.005520288   -0.357880288    0.181700288       -1.217500000   -0.647500000    1.257500000      1.331580
  6  12    0.693299697    0.693299697    0.693299697
      6   2   -0.249999712    0.250000288   -0.136599712       -1.000000000   -0.007500000   -0.052500000      1.662650
      6  16   -0.142119712   -0.068299712   -0.392119712        4.347500000    4.355000000    4.870000000      0.674910
      6  14    0.255520288   -0.318299712    0.107880288        1.292500000    1.032500000    1.297500000      0.556730
      6  15    0.357880288    0.181700288    0.005520288        0.647500000    1.257500000    1.217500000      1.331580
      6   3    0.250000288   -0.136599712   -0.249999712       -0.007500000   -0.052500000   -1.000000000      1.662650
      6  12   -0.068299712   -0.392119712   -0.142119712        4.355000000    4.870000000    4.347500000      0.674910
      6  10   -0.318299712    0.107880288    0.255520288        1.032500000    1.297500000    1.292500000      0.556730
      6  11    0.181700288    0.005520288    0.357880288        1.257500000    1.217500000    0.647500000      1.331580
      6   4   -0.136599712   -0.249999712    0.250000288       -0.052500000   -1.000000000   -0.007500000      1.662650
      6  20   -0.392119712   -0.142119712   -0.068299712        4.870000000    4.347500000    4.355000000      0.674910
      6  18    0.107880288    0.255520288   -0.318299712        1.297500000    1.292500000    1.032500000      0.556730
      6  19    0.005520288    0.357880288    0.181700288        1.217500000    0.647500000    1.257500000      1.331580
  7  12    0.306700303    0.193299712    0.806700303
      7   4    0.249999712    0.250000288    0.136599712        1.000000000   -0.007500000    0.052500000      1.662650
      7  13    0.142119712   -0.068299712    0.392119712       -4.347500000    4.355000000   -4.870000000      0.674910
      7  15   -0.255520288   -0.318299712   -0.107880288       -1.292500000    1.032500000   -1.297500000      0.556730
      7  14   -0.357880288    0.181700288   -0.005520288       -0.647500000    1.257500000   -1.217500000      1.331580
      7   1   -0.250000288   -0.136599712    0.249999712        0.007500000   -0.052500000    1.000000000      1.662650
      7  10    0.068299712   -0.392119712    0.142119712       -4.355000000    4.870000000   -4.347500000      0.674910
      7  12    0.318299712    0.107880288   -0.255520288       -1.032500000    1.297500000   -1.292500000      0.556730
      7   9   -0.181700288    0.005520288   -0.357880288       -1.257500000    1.217500000   -0.647500000      1.331580
      7   2    0.136599712   -0.249999712   -0.250000288        0.052500000   -1.000000000    0.007500000      1.662650
      7  19    0.392119712   -0.142119712    0.068299712       -4.870000000    4.347500000   -4.355000000      0.674910
      7  17   -0.107880288    0.255520288    0.318299712       -1.297500000    1.292500000   -1.032500000      0.556730
      7  20   -0.005520288    0.357880288   -0.181700288       -1.217500000    0.647500000   -1.257500000      1.331580
  8  12    0.193299712    0.806700303    0.306700303
      8   3   -0.249999712   -0.250000288    0.136599712       -1.000000000    0.007500000    0.052500000      1.662650
      8  15   -0.142119712    0.068299712    0.392119712        4.347500000   -4.355000000   -4.870000000      0.674910
      8  13    0.255520288    0.318299712   -0.107880288        1.292500000   -1.032500000   -1.297500000      0.556730
      8  16    0.357880288   -0.181700288   -0.005520288        0.647500000   -1.257500000   -1.217500000      1.331580
      8   2    0.250000288    0.136599712    0.249999712       -0.007500000    0.052500000    1.000000000      1.662650
      8   9   -0.068299712    0.392119712    0.142119712        4.355000000   -4.870000000   -4.347500000      0.674910
      8  11   -0.318299712   -0.107880288   -0.255520288        1.032500000   -1.297500000   -1.292500000      0.556730
      8  10    0.181700288   -0.005520288   -0.357880288        1.257500000   -1.217500000   -0.647500000      1.331580
      8   1   -0.136599712    0.249999712   -0.250000288       -0.052500000    1.000000000    0.007500000      1.662650
      8  18   -0.392119712    0.142119712    0.068299712        4.870000000   -4.347500000   -4.355000000      0.674910
      8  20    0.107880288   -0.255520288    0.318299712        1.297500000   -1.292500000   -1.032500000      0.556730
      8  17    0.005520288   -0.357880288   -0.181700288        1.217500000   -0.647500000   -1.257500000      1.331580
  9  12    0.125000000    0.198817121    0.448817106
      9   1   -0.068300000   -0.142117121   -0.392117106        4.355000000    4.347500000    4.870000000      0.674910
      9  13    0.323820000   -0.073817121   -0.249997106        3.912500000    3.372500000    2.935000000      1.047830
      9  17    0.073820000    0.250002879   -0.323817106       -3.372500000   -2.935000000   -3.912500000      1.047830
      9   8    0.068300000   -0.392117121   -0.142117106       -4.355000000    4.870000000    4.347500000      0.674910
      9  18   -0.323820000   -0.249997121   -0.073817106       -3.912500000    2.935000000    3.372500000      1.047830
      9  15   -0.073820000   -0.323817121    0.250002894        3.372500000   -3.912500000   -2.935000000      1.047830
      9  14   -0.176180000    0.176182879    0.352362894       -1.577500000   -1.212500000   -1.855000000      0.564410
      9  20    0.176180000    0.352362879    0.176182894       -1.212500000   -1.855000000    1.577500000      0.564410
      9   7    0.181700000   -0.005517121    0.357882894        1.257500000   -1.217500000    0.647500000      1.331580
      9   3   -0.181700000    0.357882879   -0.005517106       -1.257500000    0.647500000   -1.217500000      1.331580
      9   5   -0.318300000    0.107882879   -0.255517106        1.032500000    1.297500000   -1.292500000      0.556850
      9   2    0.318300000   -0.255517121    0.107882894       -1.032500000   -1.292500000    1.297500000      0.556850
 10  12    0.375000000    0.801182894    0.948817106
     10   2    0.068300000    0.142117121   -0.392117106       -4.355000000   -4.347500000    4.870000000      0.674910
     10  15   -0.323820000    0.073817121   -0.249997106       -3.912500000   -3.372500000    2.935000000      1.047830
     10  20   -0.073820000   -0.250002879   -0.323817106        3.372500000    2.935000000   -3.912500000      1.047830
     10   7   -0.068300000    0.392117121   -0.142117106        4.355000000   -4.870000000    4.347500000      0.674910
     10  19    0.323820000    0.249997121   -0.073817106        3.912500000   -2.935000000    3.372500000      1.047830
     10  13    0.073820000    0.323817121    0.250002894       -3.372500000    3.912500000   -2.935000000      1.047830
     10  16    0.176180000   -0.176182879    0.352362894        1.577500000    1.212500000   -1.855000000      0.564410
     10  17   -0.176180000   -0.352362879    0.176182894        1.212500000    1.855000000    1.577500000      0.564410
     10   8   -0.181700000    0.005517121    0.357882894       -1.257500000    1.217500000    0.647500000      1.331580
     10   4    0.181700000   -0.357882879   -0.005517106        1.257500000   -0.647500000   -1.217500000      1.331580
     10   6    0.318300000   -0.107882879   -0.255517106       -1.032500000   -1.297500000   -1.292500000      0.556850
     10   1   -0.318300000    0.255517121    0.107882894        1.032500000    1.292500000    1.297500000      0.556850
 11  12    0.875000000    0.698817106    0.051182894
     11   3    0.068300000   -0.142117121    0.392117106       -4.355000000    4.347500000   -4.870000000      0.674910
     11  16   -0.323820000   -0.073817121    0.249997106       -3.912500000    3.372500000   -2.935000000      1.047830
     11  18   -0.073820000    0.250002879    0.323817106        3.372500000   -2.935000000    3.912500000      1.047830
     11   5   -0.068300000   -0.392117121    0.142117106        4.355000000    4.870000000   -4.347500000      0.674910
     11  17    0.323820000   -0.249997121    0.073817106        3.912500000    2.935000000   -3.372500000      1.047830
     11  14    0.073820000   -0.323817121   -0.250002894       -3.372500000   -3.912500000    2.935000000      1.047830
     11  15    0.176180000    0.176182879   -0.352362894        1.577500000   -1.212500000    1.855000000      0.564410
     11  19   -0.176180000    0.352362879   -0.176182894        1.212500000   -1.855000000   -1.577500000      0.564410
     11   6   -0.181700000   -0.005517121   -0.357882894       -1.257500000   -1.217500000   -0.647500000      1.331580
     11   1    0.181700000    0.357882879    0.005517106        1.257500000    0.647500000    1.217500000      1.331580
     11   8    0.318300000    0.107882879    0.255517106       -1.032500000    1.297500000    1.292500000      0.556850
     11   4   -0.318300000   -0.255517121   -0.107882894        1.032500000   -1.292500000   -1.297500000      0.556850
 12  12    0.625000000    0.301182894    0.551182894
     12   4   -0.068300000    0.142117121    0.392117106        4.355000000   -4.347500000   -4.870000000      0.674910
     12  14    0.323820000    0.073817121    0.249997106        3.912500000   -3.372500000   -2.935000000      1.047830
     12  19    0.073820000   -0.250002879    0.323817106       -3.372500000    2.935000000    3.912500000      1.047830
     12   6    0.068300000    0.392117121    0.142117106       -4.355000000   -4.870000000   -4.347500000      0.674910
     12  20   -0.323820000    0.249997121    0.073817106       -3.912500000   -2.935000000   -3.372500000      1.047830
     12  16   -0.073820000    0.323817121   -0.250002894        3.372500000    3.912500000    2.935000000      1.047830
     12  13   -0.176180000   -0.176182879   -0.352362894       -1.577500000    1.212500000    1.855000000      0.564410
     12  18    0.176180000   -0.352362879   -0.176182894       -1.212500000    1.855000000   -1.577500000      0.564410
     12   5    0.181700000    0.005517121   -0.357882894        1.257500000    1.217500000   -0.647500000      1.331580
     12   2   -0.181700000   -0.357882879    0.005517106       -1.257500000   -0.647500000    1.217500000      1.331580
     12   7   -0.318300000   -0.107882879    0.255517106        1.032500000   -1.297500000    1.292500000      0.556850
     12   3    0.318300000    0.255517121   -0.107882894       -1.032500000    1.292500000   -1.297500000      0.556850
 13  12    0.448817106    0.125000000    0.198817121
     13   7   -0.142117121    0.068300000   -0.392117106        4.347500000   -4.355000000    4.870000000      0.674910
     13  10   -0.073817121   -0.323820000   -0.249997106        3.372500000   -3.912500000    2.935000000      1.047830
     13  19    0.250002879   -0.073820000   -0.323817106       -2.935000000    3.372500000   -3.912500000      1.047830
     13   1   -0.392117121   -0.068300000   -0.142117106        4.870000000    4.355000000    4.347500000      0.674910
     13  17   -0.249997121    0.323820000   -0.073817106        2.935000000    3.912500000    3.372500000      1.047830
     13   9   -0.323817121    0.073820000    0.250002894       -3.912500000   -3.372500000   -2.935000000      1.047830
     13  12    0.176182879    0.176180000    0.352362894       -1.212500000    1.577500000   -1.855000000      0.564410
     13  18    0.352362879   -0.176180000    0.176182894       -1.855000000    1.212500000    1.577500000      0.564410
     13   2   -0.005517121   -0.181700000    0.357882894       -1.217500000   -1.257500000    0.647500000      1.331580
     13   5    0.357882879    0.181700000   -0.005517106        0.647500000    1.257500000   -1.217500000      1.331580
     13   4    0.107882879    0.318300000   -0.255517106        1.297500000   -1.032500000   -1.292500000      0.556850
     13   8   -0.255517121   -0.318300000    0.107882894       -1.292500000    1.032500000    1.297500000      0.556850
 14  12    0.948817106    0.375000000    0.801182894
     14   5   -0.142117121   -0.068300000    0.392117106        4.347500000    4.355000000   -4.870000000      0.674910
     14  11   -0.073817121    0.323820000    0.249997106        3.372500000    3.912500000   -2.935000000      1.047830
     14  17    0.250002879    0.073820000    0.323817106       -2.935000000   -3.372500000    3.912500000      1.047830
     14   4   -0.392117121    0.068300000    0.142117106        4.870000000   -4.355000000   -4.347500000      0.674910
     14  19   -0.249997121   -0.323820000    0.073817106        2.935000000   -3.912500000   -3.372500000      1.047830
     14  12   -0.323817121   -0.073820000   -0.250002894       -3.912500000    3.372500000    2.935000000      1.047830
     14   9    0.176182879   -0.176180000   -0.352362894       -1.212500000   -1.577500000    1.855000000      0.564410
     14  20    0.352362879    0.176180000   -0.176182894       -1.855000000   -1.212500000   -1.577500000      0.564410
     14   3   -0.005517121    0.181700000   -0.357882894       -1.217500000    1.257500000   -0.647500000      1.331580
     14   7    0.357882879   -0.181700000    0.005517106        0.647500000   -1.257500000    1.217500000      1.331580
     14   1    0.107882879   -0.318300000    0.255517106        1.297500000    1.032500000    1.292500000      0.556850
     14   6   -0.255517121    0.318300000   -0.107882894       -1.292500000   -1.032500000   -1.297500000      0.556850
 15  12    0.051182894    0.875000000    0.698817106
     15   8    0.142117121   -0.068300000   -0.392117106       -4.347500000    4.355000000    4.870000000      0.674910
     15   9    0.073817121    0.323820000   -0.249997106       -3.372500000    3.912500000    2.935000000      1.047830
     15  18   -0.250002879    0.073820000   -0.323817106        2.935000000   -3.372500000   -3.912500000      1.047830
     15   2    0.392117121    0.068300000   -0.142117106       -4.870000000   -4.355000000    4.347500000      0.674910
     15  20    0.249997121   -0.323820000   -0.073817106       -2.935000000   -3.912500000    3.372500000      1.047830
     15  10    0.323817121   -0.073820000    0.250002894        3.912500000    3.372500000   -2.935000000      1.047830
     15  11   -0.176182879   -0.176180000    0.352362894        1.212500000   -1.577500000   -1.855000000      0.564410
     15  19   -0.352362879    0.176180000    0.176182894        1.855000000   -1.212500000    1.577500000      0.564410
     15   1    0.005517121    0.181700000    0.357882894        1.217500000    1.257500000    0.647500000      1.331580
     15   6   -0.357882879   -0.181700000   -0.005517106       -0.647500000   -1.257500000   -1.217500000      1.331580
     15   3   -0.107882879   -0.318300000   -0.255517106       -1.297500000    1.032500000   -1.292500000      0.556850
     15   7    0.255517121    0.318300000    0.107882894        1.292500000   -1.032500000    1.297500000      0.556850
 16  12    0.551182894    0.625000000    0.301182894
     16   6    0.142117121    0.068300000    0.392117106       -4.347500000   -4.355000000   -4.870000000      0.674910
     16  12    0.073817121   -0.323820000    0.249997106       -3.372500000   -3.912500000   -2.935000000      1.047830
     16  20   -0.250002879   -0.073820000    0.323817106        2.935000000    3.372500000    3.912500000      1.047830
     16   3    0.392117121   -0.068300000    0.142117106       -4.870000000    4.355000000   -4.347500000      0.674910
     16  18    0.249997121    0.323820000    0.073817106       -2.935000000    3.912500000   -3.372500000      1.047830
     16  11    0.323817121    0.073820000   -0.250002894        3.912500000   -3.372500000    2.935000000      1.047830
     16  10   -0.176182879    0.176180000   -0.352362894        1.212500000    1.577500000    1.855000000      0.564410
     16  17   -0.352362879   -0.176180000   -0.176182894        1.855000000    1.212500000   -1.577500000      0.564410
     16   4    0.005517121   -0.181700000   -0.357882894        1.217500000   -1.257500000   -0.647500000      1.331580
     16   8   -0.357882879    0.181700000    0.005517106       -0.647500000    1.257500000    1.217500000      1.331580
     16   2   -0.107882879    0.318300000    0.255517106       -1.297500000   -1.032500000    1.292500000      0.556850
     16   5    0.255517121   -0.318300000   -0.107882894        1.292500000    1.032500000   -1.297500000      0.556850
 17  12    0.198817121    0.448817106    0.125000000
     17   5   -0.392117106   -0.142117121    0.068300000        4.870000000    4.347500000   -4.355000000      0.674910
     17  14   -0.249997106   -0.073817121   -0.323820000        2.935000000    3.372500000   -3.912500000      1.047830
     17  11   -0.323817106    0.250002879   -0.073820000       -3.912500000   -2.935000000    3.372500000      1.047830
     17   1   -0.142117106   -0.392117121   -0.068300000        4.347500000    4.870000000    4.355000000      0.674910
     17   9   -0.073817106   -0.249997121    0.323820000        3.372500000    2.935000000    3.912500000      1.047830
     17  13    0.250002894   -0.323817121    0.073820000       -2.935000000   -3.912500000   -3.372500000      1.047830
     17  16    0.352362894    0.176182879    0.176180000       -1.855000000   -1.212500000    1.577500000      0.564410
     17  10    0.176182894    0.352362879   -0.176180000        1.577500000   -1.855000000    1.212500000      0.564410
     17   4    0.357882894   -0.005517121   -0.181700000        0.647500000   -1.217500000   -1.257500000      1.331580
     17   8   -0.005517106    0.357882879    0.181700000       -1.217500000    0.647500000    1.257500000      1.331580
     17   3   -0.255517106    0.107882879    0.318300000       -1.292500000    1.297500000   -1.032500000      0.556850
     17   7    0.107882894   -0.255517121   -0.318300000        1.297500000   -1.292500000    1.032500000      0.556850
 18  12    0.801182894    0.948817106    0.375000000
     18   8    0.392117106   -0.142117121   -0.068300000       -4.870000000    4.347500000    4.355000000      0.674910
     18  15    0.249997106   -0.073817121    0.323820000       -2.935000000    3.372500000    3.912500000      1.047830
     18   9    0.323817106    0.250002879    0.073820000        3.912500000   -2.935000000   -3.372500000      1.047830
     18   3    0.142117106   -0.392117121    0.068300000       -4.347500000    4.870000000   -4.355000000      0.674910
     18  11    0.073817106   -0.249997121   -0.323820000       -3.372500000    2.935000000   -3.912500000      1.047830
     18  16   -0.250002894   -0.323817121   -0.073820000        2.935000000   -3.912500000    3.372500000      1.047830
     18  13   -0.352362894    0.176182879   -0.176180000        1.855000000   -1.212500000   -1.577500000      0.564410
     18  12   -0.176182894    0.352362879    0.176180000       -1.577500000   -1.855000000   -1.212500000      0.564410
     18   2   -0.357882894   -0.005517121    0.181700000       -0.647500000   -1.217500000    1.257500000      1.331580
     18   5    0.005517106    0.357882879   -0.181700000        1.217500000    0.647500000   -1.257500000      1.331580
     18   1    0.255517106    0.107882879   -0.318300000        1.292500000    1.297500000    1.032500000      0.556850
     18   6   -0.107882894   -0.255517121    0.318300000       -1.297500000   -1.292500000   -1.032500000      0.556850
 19  12    0.698817106    0.051182894    0.875000000
     19   7   -0.392117106    0.142117121   -0.068300000        4.870000000   -4.347500000    4.355000000      0.674910
     19  13   -0.249997106    0.073817121    0.323820000        2.935000000   -3.372500000    3.912500000      1.047830
     19  10   -0.323817106   -0.250002879    0.073820000       -3.912500000    2.935000000   -3.372500000      1.047830
     19   4   -0.142117106    0.392117121    0.068300000        4.347500000   -4.870000000   -4.355000000      0.674910
     19  12   -0.073817106    0.249997121   -0.323820000        3.372500000   -2.935000000   -3.912500000      1.047830
     19  14    0.250002894    0.323817121   -0.073820000       -2.935000000    3.912500000    3.372500000      1.047830
     19  15    0.352362894   -0.176182879   -0.176180000       -1.855000000    1.212500000   -1.577500000      0.564410
     19  11    0.176182894   -0.352362879    0.176180000        1.577500000    1.855000000   -1.212500000      0.564410
     19   1    0.357882894    0.005517121    0.181700000        0.647500000    1.217500000    1.257500000      1.331580
     19   6   -0.005517106   -0.357882879   -0.181700000       -1.217500000   -0.647500000   -1.257500000      1.331580
     19   2   -0.255517106   -0.107882879   -0.318300000       -1.292500000   -1.297500000    1.032500000      0.556850
     19   5    0.107882894    0.255517121    0.318300000        1.297500000    1.292500000   -1.032500000      0.556850
 20  12    0.301182894    0.551182894    0.625000000
     20   6    0.392117106    0.142117121    0.068300000       -4.870000000   -4.347500000   -4.355000000      0.674910
     20  16    0.249997106    0.073817121   -0.323820000       -2.935000000   -3.372500000   -3.912500000      1.047830
     20  12    0.323817106   -0.250002879   -0.073820000        3.912500000    2.935000000    3.372500000      1.047830
     20   2    0.142117106    0.392117121   -0.068300000       -4.347500000   -4.870000000    4.355000000      0.674910
     20  10    0.073817106    0.249997121    0.323820000       -3.372500000   -2.935000000    3.912500000      1.047830
     20  15   -0.250002894    0.323817121    0.073820000        2.935000000    3.912500000   -3.372500000      1.047830
     20  14   -0.352362894   -0.176182879    0.176180000        1.855000000    1.212500000    1.577500000      0.564410
     20   9   -0.176182894   -0.352362879   -0.176180000       -1.577500000    1.855000000    1.212500000      0.564410
     20   3   -0.357882894    0.005517121   -0.181700000       -0.647500000    1.217500000   -1.257500000      1.331580
     20   7    0.005517106   -0.357882879    0.181700000        1.217500000   -0.647500000    1.257500000      1.331580
     20   4    0.255517106   -0.107882879    0.318300000        1.292500000   -1.297500000   -1.032500000      0.556850
     20   8   -0.107882894    0.255517121   -0.318300000       -1.297500000    1.292500000    1.032500000      0.556850
