   0      4     -1    0    0      0.007500000      1.000000000      0.052500000     22.621517105
   0      8      0    0    0     -4.355000000     -4.347500000     -4.870000000      9.182622987
   0      9      0   -1   -1     -1.032500000     -1.292500000     -1.297500000      7.574701361
   0     10     -1   -1    0     -1.257500000     -0.647500000     -1.217500000     18.117078006
   0      7      0   -1    0      0.052500000      0.007500000      1.000000000     22.621517105
   0     12      0    0    0     -4.870000000     -4.355000000     -4.347500000      9.182622987
   0     13     -1    0   -1     -1.297500000     -1.032500000     -1.292500000      7.574701361
   0     14      0   -1   -1     -1.217500000     -1.257500000     -0.647500000     18.117078006
   0      6      0    0   -1      1.000000000      0.052500000      0.007500000     22.621517105
   0     16      0    0    0     -4.347500000     -4.870000000     -4.355000000      9.182622987
   0     17     -1   -1    0     -1.292500000     -1.297500000     -1.032500000      7.574701361
   0     18     -1    0   -1     -0.647500000     -1.217500000     -1.257500000     18.117078006
   1      5      0    0    0     -0.007500000     -1.000000000      0.052500000     22.621517105
   1      9      0    0    0      4.355000000      4.347500000     -4.870000000      9.182622987
   1      8      0    1    0      1.032500000      1.292500000     -1.297500000      7.574701361
   1     11      0    1    0      1.257500000      0.647500000     -1.217500000     18.117078006
   1      6      0    1    0     -0.052500000     -0.007500000      1.000000000     22.621517105
   1     14      0    0    0      4.870000000      4.355000000     -4.347500000      9.182622987
   1     15      0    0    0      1.297500000      1.032500000     -1.292500000      7.574701361
   1     12      0    1    0      1.217500000      1.257500000     -0.647500000     18.117078006
   1      7      0    0    0     -1.000000000     -0.052500000      0.007500000     22.621517105
   1     19      0    0    0      4.347500000      4.870000000     -4.355000000      9.182622987
   1     18      0    1    0      1.292500000      1.297500000     -1.032500000      7.574701361
   1     17      0    0    0      0.647500000      1.217500000     -1.257500000     18.117078006
   2      7      1    0    0     -0.007500000      1.000000000     -0.052500000     22.621517105
   2     10      0    0    0      4.355000000     -4.347500000      4.870000000      9.182622987
   2     11      0    0    0      1.032500000     -1.292500000      1.297500000      7.574701361
   2      8      1    0    0      1.257500000     -0.647500000      1.217500000     18.117078006
   2      4      0    0    0     -0.052500000      0.007500000     -1.000000000     22.621517105
   2     15      0    0    0      4.870000000     -4.355000000      4.347500000      9.182622987
   2     14      1    0    0      1.297500000     -1.032500000      1.292500000      7.574701361
   2     13      0    0    0      1.217500000     -1.257500000      0.647500000     18.117078006
   2      5      0    0    0     -1.000000000      0.052500000     -0.007500000     22.621517105
   2     17      0    0    0      4.347500000     -4.870000000      4.355000000      9.182622987
   2     16      1    0    0      1.292500000     -1.297500000      1.032500000      7.574701361
   2     19      1    0    0      0.647500000     -1.217500000      1.257500000     18.117078006
   3      6      0    0    0      0.007500000     -1.000000000     -0.052500000     22.621517105
   3     11      0    0    0     -4.355000000      4.347500000      4.870000000      9.182622987
   3     10      0    0    1     -1.032500000      1.292500000      1.297500000      7.574701361
   3      9      0    0    0     -1.257500000      0.647500000      1.217500000     18.117078006
   3      5      0    0    0      0.052500000     -0.007500000     -1.000000000     22.621517105
   3     13      0    0    0     -4.870000000      4.355000000      4.347500000      9.182622987
   3     12      0    0    1     -1.297500000      1.032500000      1.292500000      7.574701361
   3     15      0    0    1     -1.217500000      1.257500000      0.647500000     18.117078006
   3      4      0    0    1      1.000000000     -0.052500000     -0.007500000     22.621517105
   3     18      0    0    0     -4.347500000      4.870000000      4.355000000      9.182622987
   3     19      0    0    0     -1.292500000      1.297500000      1.032500000      7.574701361
   3     16      0    0    1     -0.647500000      1.217500000      1.257500000     18.117078006
   4      0      1    0    0      1.000000000      0.007500000     -0.052500000     22.621517105
   4     13      0    0   -1     -4.347500000     -4.355000000      4.870000000      9.182622987
   4     15      0    0    0     -1.292500000     -1.032500000      1.297500000      7.574701361
   4     12      0    0    0     -0.647500000     -1.257500000      1.217500000     18.117078006
   4      3      0    0   -1      0.007500000      0.052500000     -1.000000000     22.621517105
   4     10      0    0    0     -4.355000000     -4.870000000      4.347500000      9.182622987
   4      8      1    0    0     -1.032500000     -1.297500000      1.292500000      7.574701361
   4     11      0    0    0     -1.257500000     -1.217500000      0.647500000     18.117078006
   4      2      0    0    0      0.052500000      1.000000000     -0.007500000     22.621517105
   4     16      1    0    0     -4.870000000     -4.347500000      4.355000000      9.182622987
   4     18      0    0   -1     -1.297500000     -1.292500000      1.032500000      7.574701361
   4     17      0   -1    0     -1.217500000     -0.647500000      1.257500000     18.117078006
   5      1      0    0    0     -1.000000000     -0.007500000     -0.052500000     22.621517105
   5     15      0    0    0      4.347500000      4.355000000      4.870000000      9.182622987
   5     13      0    0    0      1.292500000      1.032500000      1.297500000      7.574701361
   5     14      1    0    0      0.647500000      1.257500000      1.217500000     18.117078006
   5      2      0    0    0     -0.007500000     -0.052500000     -1.000000000     22.621517105
   5     11      0    0    0      4.355000000      4.870000000      4.347500000      9.182622987
   5      9      0    0    0      1.032500000      1.297500000      1.292500000      7.574701361
   5     10      0    0    1      1.257500000      1.217500000      0.647500000     18.117078006
   5      3      0    0    0     -0.052500000     -1.000000000     -0.007500000     22.621517105
   5     19      0    0    0      4.870000000      4.347500000      4.355000000      9.182622987
   5     17      0    0    0      1.297500000      1.292500000      1.032500000      7.574701361
   5     18      0    1    0      1.217500000      0.647500000      1.257500000     18.117078006
   6      3      0    0    0      1.000000000     -0.007500000      0.052500000     22.621517105
   6     12      0    0    1     -4.347500000      4.355000000     -4.870000000      9.182622987
   6     14      0   -1    0     -1.292500000      1.032500000     -1.297500000      7.574701361
   6     13     -1    0    0     -0.647500000      1.257500000     -1.217500000     18.117078006
   6      0      0    0    1      0.007500000     -0.052500000      1.000000000     22.621517105
   6      9      0   -1    0     -4.355000000      4.870000000     -4.347500000      9.182622987
   6     11      0    0    0     -1.032500000      1.297500000     -1.292500000      7.574701361
   6      8      0    0    0     -1.257500000      1.217500000     -0.647500000     18.117078006
   6      1      0   -1    0      0.052500000     -1.000000000      0.007500000     22.621517105
   6     18      0    0    0     -4.870000000      4.347500000     -4.355000000      9.182622987
   6     16      0    0    1     -1.297500000      1.292500000     -1.032500000      7.574701361
   6     19      0    0    0     -1.217500000      0.647500000     -1.257500000     18.117078006
   7      2     -1    0    0     -1.000000000      0.007500000      0.052500000     22.621517105
   7     14      0    0    0      4.347500000     -4.355000000     -4.870000000      9.182622987
   7     12      0    1    0      1.292500000     -1.032500000     -1.297500000      7.574701361
   7     15      0    0    0      0.647500000     -1.257500000     -1.217500000     18.117078006
   7      1      0    0    0     -0.007500000      0.052500000      1.000000000     22.621517105
   7      8      0    1    0      4.355000000     -4.870000000     -4.347500000      9.182622987
   7     10     -1    0    0      1.032500000     -1.297500000     -1.292500000      7.574701361
   7      9      0    0   -1      1.257500000     -1.217500000     -0.647500000     18.117078006
   7      0      0    1    0     -0.052500000      1.000000000      0.007500000     22.621517105
   7     17     -1    0    0      4.870000000     -4.347500000     -4.355000000      9.182622987
   7     19      0    0    0      1.297500000     -1.292500000     -1.032500000      7.574701361
   7     16      0    0    0      1.217500000     -0.647500000     -1.257500000     18.117078006
   8      0      0    0    0      4.355000000      4.347500000      4.870000000      9.182622987
   8     12      0    0    0      3.912500000      3.372500000      2.935000000     14.256460631
   8     16      0    0    0     -3.372500000     -2.935000000     -3.912500000     14.256460631
   8      7      0   -1    0     -4.355000000      4.870000000      4.347500000      9.182622987
   8     17     -1   -1    0     -3.912500000      2.935000000      3.372500000     14.256460631
   8     14      0   -1    0      3.372500000     -3.912500000     -2.935000000     14.256460631
   8     13     -1    0    0     -1.577500000     -1.212500000     -1.855000000      7.679193137
   8     19      0    0    0     -1.212500000     -1.855000000      1.577500000      7.679193137
   8      6      0    0    0      1.257500000     -1.217500000      0.647500000     18.117078006
   8      2     -1    0    0     -1.257500000      0.647500000     -1.217500000     18.117078006
   8      4     -1    0    0      1.032500000      1.297500000     -1.292500000      7.576334045
   8      1      0   -1    0     -1.032500000     -1.292500000      1.297500000      7.576334045
   9      1      0    0    0     -4.355000000     -4.347500000      4.870000000      9.182622987
   9     14      0    0    0     -3.912500000     -3.372500000      2.935000000     14.256460631
   9     19      0    0    0      3.372500000      2.935000000     -3.912500000     14.256460631
   9      6      0    1    0      4.355000000     -4.870000000      4.347500000      9.182622987
   9     18      0    1    0      3.912500000     -2.935000000      3.372500000     14.256460631
   9     12      0    1    1     -3.372500000      3.912500000     -2.935000000     14.256460631
   9     15      0    0    1      1.577500000      1.212500000     -1.855000000      7.679193137
   9     16      0    0    1      1.212500000      1.855000000      1.577500000      7.679193137
   9      7      0    0    1     -1.257500000      1.217500000      0.647500000     18.117078006
   9      3      0    0    0      1.257500000     -0.647500000     -1.217500000     18.117078006
   9      5      0    0    0     -1.032500000     -1.297500000     -1.292500000      7.576334045
   9      0      0    1    1      1.032500000      1.292500000      1.297500000      7.576334045
  10      2      0    0    0     -4.355000000      4.347500000     -4.870000000      9.182622987
  10     15      0    0    0     -3.912500000      3.372500000     -2.935000000     14.256460631
  10     17      0    0    0      3.372500000     -2.935000000      3.912500000     14.256460631
  10      4      0    0    0      4.355000000      4.870000000     -4.347500000      9.182622987
  10     16      1    0    0      3.912500000      2.935000000     -3.372500000     14.256460631
  10     13      0    0   -1     -3.372500000     -3.912500000      2.935000000     14.256460631
  10     14      1    0   -1      1.577500000     -1.212500000      1.855000000      7.679193137
  10     18      0    1   -1      1.212500000     -1.855000000     -1.577500000      7.679193137
  10      5      0    0   -1     -1.257500000     -1.217500000     -0.647500000     18.117078006
  10      0      1    1    0      1.257500000      0.647500000      1.217500000     18.117078006
  10      7      1    0    0     -1.032500000      1.297500000      1.292500000      7.576334045
  10      3      0    0   -1      1.032500000     -1.292500000     -1.297500000      7.576334045
  11      3      0    0    0      4.355000000     -4.347500000     -4.870000000      9.182622987
  11     13      0    0    0      3.912500000     -3.372500000     -2.935000000     14.256460631
  11     18      0    0    0     -3.372500000      2.935000000      3.912500000     14.256460631
  11      5      0    0    0     -4.355000000     -4.870000000     -4.347500000      9.182622987
  11     19      0    0    0     -3.912500000     -2.935000000     -3.372500000     14.256460631
  11     15      0    0    0      3.372500000      3.912500000      2.935000000     14.256460631
  11     12      0    0    0     -1.577500000      1.212500000      1.855000000      7.679193137
  11     17      0   -1    0     -1.212500000      1.855000000     -1.577500000      7.679193137
  11      4      0    0    0      1.257500000      1.217500000     -0.647500000     18.117078006
  11      1      0   -1    0     -1.257500000     -0.647500000      1.217500000     18.117078006
  11      6      0    0    0      1.032500000     -1.297500000      1.292500000      7.576334045
  11      2      0    0    0     -1.032500000      1.292500000     -1.297500000      7.576334045
  12      6      0    0   -1      4.347500000     -4.355000000      4.870000000      9.182622987
  12      9      0   -1   -1      3.372500000     -3.912500000      2.935000000     14.256460631
  12     18      0    0   -1     -2.935000000      3.372500000     -3.912500000     14.256460631
  12      0      0    0    0      4.870000000      4.355000000      4.347500000      9.182622987
  12     16      0    0    0      2.935000000      3.912500000      3.372500000     14.256460631
  12      8      0    0    0     -3.912500000     -3.372500000     -2.935000000     14.256460631
  12     11      0    0    0     -1.212500000      1.577500000     -1.855000000      7.679193137
  12     17      0   -1    0     -1.855000000      1.212500000      1.577500000      7.679193137
  12      1      0   -1    0     -1.217500000     -1.257500000      0.647500000     18.117078006
  12      4      0    0    0      0.647500000      1.257500000     -1.217500000     18.117078006
  12      3      0    0   -1      1.297500000     -1.032500000     -1.292500000      7.576334045
  12      7      0   -1    0     -1.292500000      1.032500000      1.297500000      7.576334045
  13      4      0    0    1      4.347500000      4.355000000     -4.870000000      9.182622987
  13     10      0    0    1      3.372500000      3.912500000     -2.935000000     14.256460631
  13     16      1    0    1     -2.935000000     -3.372500000      3.912500000     14.256460631
  13      3      0    0    0      4.870000000     -4.355000000     -4.347500000      9.182622987
  13     18      0    0    0      2.935000000     -3.912500000     -3.372500000     14.256460631
  13     11      0    0    0     -3.912500000      3.372500000      2.935000000     14.256460631
  13      8      1    0    0     -1.212500000     -1.577500000      1.855000000      7.679193137
  13     19      1    0    0     -1.855000000     -1.212500000     -1.577500000      7.679193137
  13      2      0    0    0     -1.217500000      1.257500000     -0.647500000     18.117078006
  13      6      1    0    0      0.647500000     -1.257500000      1.217500000     18.117078006
  13      0      1    0    1      1.297500000      1.032500000      1.292500000      7.576334045
  13      5      0    0    0     -1.292500000     -1.032500000     -1.297500000      7.576334045
  14      7      0    0    0     -4.347500000      4.355000000      4.870000000      9.182622987
  14      8      0    1    0     -3.372500000      3.912500000      2.935000000     14.256460631
  14     17     -1    0    0      2.935000000     -3.372500000     -3.912500000     14.256460631
  14      1      0    0    0     -4.870000000     -4.355000000      4.347500000      9.182622987
  14     19      0    0    0     -2.935000000     -3.912500000      3.372500000     14.256460631
  14      9      0    0    0      3.912500000      3.372500000     -2.935000000     14.256460631
  14     10     -1    0    1      1.212500000     -1.577500000     -1.855000000      7.679193137
  14     18     -1    1    0      1.855000000     -1.212500000      1.577500000      7.679193137
  14      0      0    1    1      1.217500000      1.257500000      0.647500000     18.117078006
  14      5     -1    0    0     -0.647500000     -1.257500000     -1.217500000     18.117078006
  14      2     -1    0    0     -1.297500000      1.032500000     -1.292500000      7.576334045
  14      6      0    1    0      1.292500000     -1.032500000      1.297500000      7.576334045
  15      5      0    0    0     -4.347500000     -4.355000000     -4.870000000      9.182622987
  15     11      0    0    0     -3.372500000     -3.912500000     -2.935000000     14.256460631
  15     19      0    0    0      2.935000000      3.372500000      3.912500000     14.256460631
  15      2      0    0    0     -4.870000000      4.355000000     -4.347500000      9.182622987
  15     17      0    0    0     -2.935000000      3.912500000     -3.372500000     14.256460631
  15     10      0    0    0      3.912500000     -3.372500000      2.935000000     14.256460631
  15      9      0    0   -1      1.212500000      1.577500000      1.855000000      7.679193137
  15     16      0    0    0      1.855000000      1.212500000     -1.577500000      7.679193137
  15      3      0    0   -1      1.217500000     -1.257500000     -0.647500000     18.117078006
  15      7      0    0    0     -0.647500000      1.257500000      1.217500000     18.117078006
  15      1      0    0    0     -1.297500000     -1.032500000      1.292500000      7.576334045
  15      4      0    0    0      1.292500000      1.032500000     -1.297500000      7.576334045
  16      4     -1    0    0      4.870000000      4.347500000     -4.355000000      9.182622987
  16     13     -1    0   -1      2.935000000      3.372500000     -3.912500000     14.256460631
  16     10     -1    0    0     -3.912500000     -2.935000000      3.372500000     14.256460631
  16      0      0    0    0      4.347500000      4.870000000      4.355000000      9.182622987
  16      8      0    0    0      3.372500000      2.935000000      3.912500000     14.256460631
  16     12      0    0    0     -2.935000000     -3.912500000     -3.372500000     14.256460631
  16     15      0    0    0     -1.855000000     -1.212500000      1.577500000      7.679193137
  16      9      0    0   -1      1.577500000     -1.855000000      1.212500000      7.679193137
  16      3      0    0   -1      0.647500000     -1.217500000     -1.257500000     18.117078006
  16      7      0    0    0     -1.217500000      0.647500000      1.257500000     18.117078006
  16      2     -1    0    0     -1.292500000      1.297500000     -1.032500000      7.576334045
  16      6      0    0   -1      1.297500000     -1.292500000      1.032500000      7.576334045
  17      7      1    0    0     -4.870000000      4.347500000      4.355000000      9.182622987
  17     14      1    0    0     -2.935000000      3.372500000      3.912500000     14.256460631
  17      8      1    1    0      3.912500000     -2.935000000     -3.372500000     14.256460631
  17      2      0    0    0     -4.347500000      4.870000000     -4.355000000      9.182622987
  17     10      0    0    0     -3.372500000      2.935000000     -3.912500000     14.256460631
  17     15      0    0    0      2.935000000     -3.912500000      3.372500000     14.256460631
  17     12      0    1    0      1.855000000     -1.212500000     -1.577500000      7.679193137
  17     11      0    1    0     -1.577500000     -1.855000000     -1.212500000      7.679193137
  17      1      0    0    0     -0.647500000     -1.217500000      1.257500000     18.117078006
  17      4      0    1    0      1.217500000      0.647500000     -1.257500000     18.117078006
  17      0      1    1    0      1.292500000      1.297500000      1.032500000      7.576334045
  17      5      0    0    0     -1.297500000     -1.292500000     -1.032500000      7.576334045
  18      6      0    0    0      4.870000000     -4.347500000      4.355000000      9.182622987
  18     12      0    0    1      2.935000000     -3.372500000      3.912500000     14.256460631
  18      9      0   -1    0     -3.912500000      2.935000000     -3.372500000     14.256460631
  18      3      0    0    0      4.347500000     -4.870000000     -4.355000000      9.182622987
  18     11      0    0    0      3.372500000     -2.935000000     -3.912500000     14.256460631
  18     13      0    0    0     -2.935000000      3.912500000      3.372500000     14.256460631
  18     14      1   -1    0     -1.855000000      1.212500000     -1.577500000      7.679193137
  18     10      0   -1    1      1.577500000      1.855000000     -1.212500000      7.679193137
  18      0      1    0    1      0.647500000      1.217500000      1.257500000     18.117078006
  18      5      0   -1    0     -1.217500000     -0.647500000     -1.257500000     18.117078006
  18      1      0   -1    0     -1.292500000     -1.297500000      1.032500000      7.576334045
  18      4      0    0    1      1.297500000      1.292500000     -1.032500000      7.576334045
  19      5      0    0    0     -4.870000000     -4.347500000     -4.355000000      9.182622987
  19     15      0    0    0     -2.935000000     -3.372500000     -3.912500000     14.256460631
  19     11      0    0    0      3.912500000      2.935000000      3.372500000     14.256460631
  19      1      0    0    0     -4.347500000     -4.870000000      4.355000000      9.182622987
  19      9      0    0    0     -3.372500000     -2.935000000      3.912500000     14.256460631
  19     14      0    0    0      2.935000000      3.912500000     -3.372500000     14.256460631
  19     13     -1    0    0      1.855000000      1.212500000      1.577500000      7.679193137
  19      8      0    0    0     -1.577500000      1.855000000      1.212500000      7.679193137
  19      2     -1    0    0     -0.647500000      1.217500000     -1.257500000     18.117078006
  19      6      0    0    0      1.217500000     -0.647500000      1.257500000     18.117078006
  19      3      0    0    0      1.292500000     -1.297500000     -1.032500000      7.576334045
  19      7      0    0    0     -1.297500000      1.292500000      1.032500000      7.576334045
