   0      4     -1    0    0      0.007500000      1.000000000      0.052500000      4.524303421
   0      8      0    0    0     -4.355000000     -4.347500000     -4.870000000      1.836524597
   0      9      0   -1   -1     -1.032500000     -1.292500000     -1.297500000      1.514940272
   0     10     -1   -1    0     -1.257500000     -0.647500000     -1.217500000      3.623415601
   0      7      0   -1    0      0.052500000      0.007500000      1.000000000      4.524303421
   0     12      0    0    0     -4.870000000     -4.355000000     -4.347500000      1.836524597
   0     13     -1    0   -1     -1.297500000     -1.032500000     -1.292500000      1.514940272
   0     14      0   -1   -1     -1.217500000     -1.257500000     -0.647500000      3.623415601
   0      6      0    0   -1      1.000000000      0.052500000      0.007500000      4.524303421
   0     16      0    0    0     -4.347500000     -4.870000000     -4.355000000      1.836524597
   0     17     -1   -1    0     -1.292500000     -1.297500000     -1.032500000      1.514940272
   0     18     -1    0   -1     -0.647500000     -1.217500000     -1.257500000      3.623415601
   1      5      0    0    0     -0.007500000     -1.000000000      0.052500000      4.524303421
   1      9      0    0    0      4.355000000      4.347500000     -4.870000000      1.836524597
   1      8      0    1    0      1.032500000      1.292500000     -1.297500000      1.514940272
   1     11      0    1    0      1.257500000      0.647500000     -1.217500000      3.623415601
   1      6      0    1    0     -0.052500000     -0.007500000      1.000000000      4.524303421
   1     14      0    0    0      4.870000000      4.355000000     -4.347500000      1.836524597
   1     15      0    0    0      1.297500000      1.032500000     -1.292500000      1.514940272
   1     12      0    1    0      1.217500000      1.257500000     -0.647500000      3.623415601
   1      7      0    0    0     -1.000000000     -0.052500000      0.007500000      4.524303421
   1     19      0    0    0      4.347500000      4.870000000     -4.355000000      1.836524597
   1     18      0    1    0      1.292500000      1.297500000     -1.032500000      1.514940272
   1     17      0    0    0      0.647500000      1.217500000     -1.257500000      3.623415601
   2      7      1    0    0     -0.007500000      1.000000000     -0.052500000      4.524303421
   2     10      0    0    0      4.355000000     -4.347500000      4.870000000      1.836524597
   2     11      0    0    0      1.032500000     -1.292500000      1.297500000      1.514940272
   2      8      1    0    0      1.257500000     -0.647500000      1.217500000      3.623415601
   2      4      0    0    0     -0.052500000      0.007500000     -1.000000000      4.524303421
   2     15      0    0    0      4.870000000     -4.355000000      4.347500000      1.836524597
   2     14      1    0    0      1.297500000     -1.032500000      1.292500000      1.514940272
   2     13      0    0    0      1.217500000     -1.257500000      0.647500000      3.623415601
   2      5      0    0    0     -1.000000000      0.052500000     -0.007500000      4.524303421
   2     17      0    0    0      4.347500000     -4.870000000      4.355000000      1.836524597
   2     16      1    0    0      1.292500000     -1.297500000      1.032500000      1.514940272
   2     19      1    0    0      0.647500000     -1.217500000      1.257500000      3.623415601
   3      6      0    0    0      0.007500000     -1.000000000     -0.052500000      4.524303421
   3     11      0    0    0     -4.355000000      4.347500000      4.870000000      1.836524597
   3     10      0    0    1     -1.032500000      1.292500000      1.297500000      1.514940272
   3      9      0    0    0     -1.257500000      0.647500000      1.217500000      3.623415601
   3      5      0    0    0      0.052500000     -0.007500000     -1.000000000      4.524303421
   3     13      0    0    0     -4.870000000      4.355000000      4.347500000      1.836524597
   3     12      0    0    1     -1.297500000      1.032500000      1.292500000      1.514940272
   3     15      0    0    1     -1.217500000      1.257500000      0.647500000      3.623415601
   3      4      0    0    1      1.000000000     -0.052500000     -0.007500000      4.524303421
   3     18      0    0    0     -4.347500000      4.870000000      4.355000000      1.836524597
   3     19      0    0    0     -1.292500000      1.297500000      1.032500000      1.514940272
   3     16      0    0    1     -0.647500000      1.217500000      1.257500000      3.623415601
   4      0      1    0    0      1.000000000      0.007500000     -0.052500000      4.524303421
   4     13      0    0   -1     -4.347500000     -4.355000000      4.870000000      1.836524597
   4     15      0    0    0     -1.292500000     -1.032500000      1.297500000      1.514940272
   4     12      0    0    0     -0.647500000     -1.257500000      1.217500000      3.623415601
   4      3      0    0   -1      0.007500000      0.052500000     -1.000000000      4.524303421
   4     10      0    0    0     -4.355000000     -4.870000000      4.347500000      1.836524597
   4      8      1    0    0     -1.032500000     -1.297500000      1.292500000      1.514940272
   4     11      0    0    0     -1.257500000     -1.217500000      0.647500000      3.623415601
   4      2      0    0    0      0.052500000      1.000000000     -0.007500000      4.524303421
   4     16      1    0    0     -4.870000000     -4.347500000      4.355000000      1.836524597
   4     18      0    0   -1     -1.297500000     -1.292500000      1.032500000      1.514940272
   4     17      0   -1    0     -1.217500000     -0.647500000      1.257500000      3.623415601
   5      1      0    0    0     -1.000000000     -0.007500000     -0.052500000      4.524303421
   5     15      0    0    0      4.347500000      4.355000000      4.870000000      1.836524597
   5     13      0    0    0      1.292500000      1.032500000      1.297500000      1.514940272
   5     14      1    0    0      0.647500000      1.257500000      1.217500000      3.623415601
   5      2      0    0    0     -0.007500000     -0.052500000     -1.000000000      4.524303421
   5     11      0    0    0      4.355000000      4.870000000      4.347500000      1.836524597
   5      9      0    0    0      1.032500000      1.297500000      1.292500000      1.514940272
   5     10      0    0    1      1.257500000      1.217500000      0.647500000      3.623415601
   5      3      0    0    0     -0.052500000     -1.000000000     -0.007500000      4.524303421
   5     19      0    0    0      4.870000000      4.347500000      4.355000000      1.836524597
   5     17      0    0    0      1.297500000      1.292500000      1.032500000      1.514940272
   5     18      0    1    0      1.217500000      0.647500000      1.257500000      3.623415601
   6      3      0    0    0      1.000000000     -0.007500000      0.052500000      4.524303421
   6     12      0    0    1     -4.347500000      4.355000000     -4.870000000      1.836524597
   6     14      0   -1    0     -1.292500000      1.032500000     -1.297500000      1.514940272
   6     13     -1    0    0     -0.647500000      1.257500000     -1.217500000      3.623415601
   6      0      0    0    1      0.007500000     -0.052500000      1.000000000      4.524303421
   6      9      0   -1    0     -4.355000000      4.870000000     -4.347500000      1.836524597
   6     11      0    0    0     -1.032500000      1.297500000     -1.292500000      1.514940272
   6      8      0    0    0     -1.257500000      1.217500000     -0.647500000      3.623415601
   6      1      0   -1    0      0.052500000     -1.000000000      0.007500000      4.524303421
   6     18      0    0    0     -4.870000000      4.347500000     -4.355000000      1.836524597
   6     16      0    0    1     -1.297500000      1.292500000     -1.032500000      1.514940272
   6     19      0    0    0     -1.217500000      0.647500000     -1.257500000      3.623415601
   7      2     -1    0    0     -1.000000000      0.007500000      0.052500000      4.524303421
   7     14      0    0    0      4.347500000     -4.355000000     -4.870000000      1.836524597
   7     12      0    1    0      1.292500000     -1.032500000     -1.297500000      1.514940272
   7     15      0    0    0      0.647500000     -1.257500000     -1.217500000      3.623415601
   7      1      0    0    0     -0.007500000      0.052500000      1.000000000      4.524303421
   7      8      0    1    0      4.355000000     -4.870000000     -4.347500000      1.836524597
   7     10     -1    0    0      1.032500000     -1.297500000     -1.292500000      1.514940272
   7      9      0    0   -1      1.257500000     -1.217500000     -0.647500000      3.623415601
   7      0      0    1    0     -0.052500000      1.000000000      0.007500000      4.524303421
   7     17     -1    0    0      4.870000000     -4.347500000     -4.355000000      1.836524597
   7     19      0    0    0      1.297500000     -1.292500000     -1.032500000      1.514940272
   7     16      0    0    0      1.217500000     -0.647500000     -1.257500000      3.623415601
   8      0      0    0    0      4.355000000      4.347500000      4.870000000      1.836524597
   8     12      0    0    0      3.912500000      3.372500000      2.935000000      2.851292126
   8     16      0    0    0     -3.372500000     -2.935000000     -3.912500000      2.851292126
   8      7      0   -1    0     -4.355000000      4.870000000      4.347500000      1.836524597
   8     17     -1   -1    0     -3.912500000      2.935000000      3.372500000      2.851292126
   8     14      0   -1    0      3.372500000     -3.912500000     -2.935000000      2.851292126
   8     13     -1    0    0     -1.577500000     -1.212500000     -1.855000000      1.535838627
   8     19      0    0    0     -1.212500000     -1.855000000      1.577500000      1.535838627
   8      6      0    0    0      1.257500000     -1.217500000      0.647500000      3.623415601
   8      2     -1    0    0     -1.257500000      0.647500000     -1.217500000      3.623415601
   8      4     -1    0    0      1.032500000      1.297500000     -1.292500000      1.515266809
   8      1      0   -1    0     -1.032500000     -1.292500000      1.297500000      1.515266809
   9      1      0    0    0     -4.355000000     -4.347500000      4.870000000      1.836524597
   9     14      0    0    0     -3.912500000     -3.372500000      2.935000000      2.851292126
   9     19      0    0    0      3.372500000      2.935000000     -3.912500000      2.851292126
   9      6      0    1    0      4.355000000     -4.870000000      4.347500000      1.836524597
   9     18      0    1    0      3.912500000     -2.935000000      3.372500000      2.851292126
   9     12      0    1    1     -3.372500000      3.912500000     -2.935000000      2.851292126
   9     15      0    0    1      1.577500000      1.212500000     -1.855000000      1.535838627
   9     16      0    0    1      1.212500000      1.855000000      1.577500000      1.535838627
   9      7      0    0    1     -1.257500000      1.217500000      0.647500000      3.623415601
   9      3      0    0    0      1.257500000     -0.647500000     -1.217500000      3.623415601
   9      5      0    0    0     -1.032500000     -1.297500000     -1.292500000      1.515266809
   9      0      0    1    1      1.032500000      1.292500000      1.297500000      1.515266809
  10      2      0    0    0     -4.355000000      4.347500000     -4.870000000      1.836524597
  10     15      0    0    0     -3.912500000      3.372500000     -2.935000000      2.851292126
  10     17      0    0    0      3.372500000     -2.935000000      3.912500000      2.851292126
  10      4      0    0    0      4.355000000      4.870000000     -4.347500000      1.836524597
  10     16      1    0    0      3.912500000      2.935000000     -3.372500000      2.851292126
  10     13      0    0   -1     -3.372500000     -3.912500000      2.935000000      2.851292126
  10     14      1    0   -1      1.577500000     -1.212500000      1.855000000      1.535838627
  10     18      0    1   -1      1.212500000     -1.855000000     -1.577500000      1.535838627
  10      5      0    0   -1     -1.257500000     -1.217500000     -0.647500000      3.623415601
  10      0      1    1    0      1.257500000      0.647500000      1.217500000      3.623415601
  10      7      1    0    0     -1.032500000      1.297500000      1.292500000      1.515266809
  10      3      0    0   -1      1.032500000     -1.292500000     -1.297500000      1.515266809
  11      3      0    0    0      4.355000000     -4.347500000     -4.870000000      1.836524597
  11     13      0    0    0      3.912500000     -3.372500000     -2.935000000      2.851292126
  11     18      0    0    0     -3.372500000      2.935000000      3.912500000      2.851292126
  11      5      0    0    0     -4.355000000     -4.870000000     -4.347500000      1.836524597
  11     19      0    0    0     -3.912500000     -2.935000000     -3.372500000      2.851292126
  11     15      0    0    0      3.372500000      3.912500000      2.935000000      2.851292126
  11     12      0    0    0     -1.577500000      1.212500000      1.855000000      1.535838627
  11     17      0   -1    0     -1.212500000      1.855000000     -1.577500000      1.535838627
  11      4      0    0    0      1.257500000      1.217500000     -0.647500000      3.623415601
  11      1      0   -1    0     -1.257500000     -0.647500000      1.217500000      3.623415601
  11      6      0    0    0      1.032500000     -1.297500000      1.292500000      1.515266809
  11      2      0    0    0     -1.032500000      1.292500000     -1.297500000      1.515266809
  12      6      0    0   -1      4.347500000     -4.355000000      4.870000000      1.836524597
  12      9      0   -1   -1      3.372500000     -3.912500000      2.935000000      2.851292126
  12     18      0    0   -1     -2.935000000      3.372500000     -3.912500000      2.851292126
  12      0      0    0    0      4.870000000      4.355000000      4.347500000      1.836524597
  12     16      0    0    0      2.935000000      3.912500000      3.372500000      2.851292126
  12      8      0    0    0     -3.912500000     -3.372500000     -2.935000000      2.851292126
  12     11      0    0    0     -1.212500000      1.577500000     -1.855000000      1.535838627
  12     17      0   -1    0     -1.855000000      1.212500000      1.577500000      1.535838627
  12      1      0   -1    0     -1.217500000     -1.257500000      0.647500000      3.623415601
  12      4      0    0    0      0.647500000      1.257500000     -1.217500000      3.623415601
  12      3      0    0   -1      1.297500000     -1.032500000     -1.292500000      1.515266809
  12      7      0   -1    0     -1.292500000      1.032500000      1.297500000      1.515266809
  13      4      0    0    1      4.347500000      4.355000000     -4.870000000      1.836524597
  13     10      0    0    1      3.372500000      3.912500000     -2.935000000      2.851292126
  13     16      1    0    1     -2.935000000     -3.372500000      3.912500000      2.851292126
  13      3      0    0    0      4.870000000     -4.355000000     -4.347500000      1.836524597
  13     18      0    0    0      2.935000000     -3.912500000     -3.372500000      2.851292126
  13     11      0    0    0     -3.912500000      3.372500000      2.935000000      2.851292126
  13      8      1    0    0     -1.212500000     -1.577500000      1.855000000      1.535838627
  13     19      1    0    0     -1.855000000     -1.212500000     -1.577500000      1.535838627
  13      2      0    0    0     -1.217500000      1.257500000     -0.647500000      3.623415601
  13      6      1    0    0      0.647500000     -1.257500000      1.217500000      3.623415601
  13      0      1    0    1      1.297500000      1.032500000      1.292500000      1.515266809
  13      5      0    0    0     -1.292500000     -1.032500000     -1.297500000      1.515266809
  14      7      0    0    0     -4.347500000      4.355000000      4.870000000      1.836524597
  14      8      0    1    0     -3.372500000      3.912500000      2.935000000      2.851292126
  14     17     -1    0    0      2.935000000     -3.372500000     -3.912500000      2.851292126
  14      1      0    0    0     -4.870000000     -4.355000000      4.347500000      1.836524597
  14     19      0    0    0     -2.935000000     -3.912500000      3.372500000      2.851292126
  14      9      0    0    0      3.912500000      3.372500000     -2.935000000      2.851292126
  14     10     -1    0    1      1.212500000     -1.577500000     -1.855000000      1.535838627
  14     18     -1    1    0      1.855000000     -1.212500000      1.577500000      1.535838627
  14      0      0    1    1      1.217500000      1.257500000      0.647500000      3.623415601
  14      5     -1    0    0     -0.647500000     -1.257500000     -1.217500000      3.623415601
  14      2     -1    0    0     -1.297500000      1.032500000     -1.292500000      1.515266809
  14      6      0    1    0      1.292500000     -1.032500000      1.297500000      1.515266809
  15      5      0    0    0     -4.347500000     -4.355000000     -4.870000000      1.836524597
  15     11      0    0    0     -3.372500000     -3.912500000     -2.935000000      2.851292126
  15     19      0    0    0      2.935000000      3.372500000      3.912500000      2.851292126
  15      2      0    0    0     -4.870000000      4.355000000     -4.347500000      1.836524597
  15     17      0    0    0     -2.935000000      3.912500000     -3.372500000      2.851292126
  15     10      0    0    0      3.912500000     -3.372500000      2.935000000      2.851292126
  15      9      0    0   -1      1.212500000      1.577500000      1.855000000      1.535838627
  15     16      0    0    0      1.855000000      1.212500000     -1.577500000      1.535838627
  15      3      0    0   -1      1.217500000     -1.257500000     -0.647500000      3.623415601
  15      7      0    0    0     -0.647500000      1.257500000      1.217500000      3.623415601
  15      1      0    0    0     -1.297500000     -1.032500000      1.292500000      1.515266809
  15      4      0    0    0      1.292500000      1.032500000     -1.297500000      1.515266809
  16      4     -1    0    0      4.870000000      4.347500000     -4.355000000      1.836524597
  16     13     -1    0   -1      2.935000000      3.372500000     -3.912500000      2.851292126
  16     10     -1    0    0     -3.912500000     -2.935000000      3.372500000      2.851292126
  16      0      0    0    0      4.347500000      4.870000000      4.355000000      1.836524597
  16      8      0    0    0      3.372500000      2.935000000      3.912500000      2.851292126
  16     12      0    0    0     -2.935000000     -3.912500000     -3.372500000      2.851292126
  16     15      0    0    0     -1.855000000     -1.212500000      1.577500000      1.535838627
  16      9      0    0   -1      1.577500000     -1.855000000      1.212500000      1.535838627
  16      3      0    0   -1      0.647500000     -1.217500000     -1.257500000      3.623415601
  16      7      0    0    0     -1.217500000      0.647500000      1.257500000      3.623415601
  16      2     -1    0    0     -1.292500000      1.297500000     -1.032500000      1.515266809
  16      6      0    0   -1      1.297500000     -1.292500000      1.032500000      1.515266809
  17      7      1    0    0     -4.870000000      4.347500000      4.355000000      1.836524597
  17     14      1    0    0     -2.935000000      3.372500000      3.912500000      2.851292126
  17      8      1    1    0      3.912500000     -2.935000000     -3.372500000      2.851292126
  17      2      0    0    0     -4.347500000      4.870000000     -4.355000000      1.836524597
  17     10      0    0    0     -3.372500000      2.935000000     -3.912500000      2.851292126
  17     15      0    0    0      2.935000000     -3.912500000      3.372500000      2.851292126
  17     12      0    1    0      1.855000000     -1.212500000     -1.577500000      1.535838627
  17     11      0    1    0     -1.577500000     -1.855000000     -1.212500000      1.535838627
  17      1      0    0    0     -0.647500000     -1.217500000      1.257500000      3.623415601
  17      4      0    1    0      1.217500000      0.647500000     -1.257500000      3.623415601
  17      0      1    1    0      1.292500000      1.297500000      1.032500000      1.515266809
  17      5      0    0    0     -1.297500000     -1.292500000     -1.032500000      1.515266809
  18      6      0    0    0      4.870000000     -4.347500000      4.355000000      1.836524597
  18     12      0    0    1      2.935000000     -3.372500000      3.912500000      2.851292126
  18      9      0   -1    0     -3.912500000      2.935000000     -3.372500000      2.851292126
  18      3      0    0    0      4.347500000     -4.870000000     -4.355000000      1.836524597
  18     11      0    0    0      3.372500000     -2.935000000     -3.912500000      2.851292126
  18     13      0    0    0     -2.935000000      3.912500000      3.372500000      2.851292126
  18     14      1   -1    0     -1.855000000      1.212500000     -1.577500000      1.535838627
  18     10      0   -1    1      1.577500000      1.855000000     -1.212500000      1.535838627
  18      0      1    0    1      0.647500000      1.217500000      1.257500000      3.623415601
  18      5      0   -1    0     -1.217500000     -0.647500000     -1.257500000      3.623415601
  18      1      0   -1    0     -1.292500000     -1.297500000      1.032500000      1.515266809
  18      4      0    0    1      1.297500000      1.292500000     -1.032500000      1.515266809
  19      5      0    0    0     -4.870000000     -4.347500000     -4.355000000      1.836524597
  19     15      0    0    0     -2.935000000     -3.372500000     -3.912500000      2.851292126
  19     11      0    0    0      3.912500000      2.935000000      3.372500000      2.851292126
  19      1      0    0    0     -4.347500000     -4.870000000      4.355000000      1.836524597
  19      9      0    0    0     -3.372500000     -2.935000000      3.912500000      2.851292126
  19     14      0    0    0      2.935000000      3.912500000     -3.372500000      2.851292126
  19     13     -1    0    0      1.855000000      1.212500000      1.577500000      1.535838627
  19      8      0    0    0     -1.577500000      1.855000000      1.212500000      1.535838627
  19      2     -1    0    0     -0.647500000      1.217500000     -1.257500000      3.623415601
  19      6      0    0    0      1.217500000     -0.647500000      1.257500000      3.623415601
  19      3      0    0    0      1.292500000     -1.297500000     -1.032500000      1.515266809
  19      7      0    0    0     -1.297500000      1.292500000      1.032500000      1.515266809
